5;-0.11633494
5.02;-0.126510108
5.04;-0.14926287
5.06;-0.191500595
5.08;-0.266713112
5.1;-0.394738404
5.12;-0.59304952
5.14;-0.841296123
5.16;-1
5.18;-0.901684823
5.2;-0.655859391
5.22;-0.436635603
5.24;-0.288291215
5.26;-0.197929977
5.28;-0.144651711
5.3;-0.11244857
5.32;-0.091848307
5.34;-0.077996082
5.36;-0.068483222
5.38;-0.062044468
5.4;-0.057989397
5.42;-0.055961861
5.44;-0.055871262
5.46;-0.05722087
5.48;-0.061932001
5.5;-0.070670087
5.52;-0.086212445
5.54;-0.113488892
5.56;-0.159350564
5.58;-0.229295861
5.6;-0.314089968
5.62;-0.362744577
5.64;-0.324980553
5.66;-0.245575505
5.68;-0.179507206
5.7;-0.139053338
5.72;-0.120140084
5.74;-0.117490854
5.76;-0.129259309
5.78;-0.158888198
5.8;-0.215862265
5.82;-0.313880653
5.84;-0.463312225
5.86;-0.637430372
5.88;-0.719237847
5.9;-0.620160391
5.92;-0.4506659
5.94;-0.314749151
5.96;-0.224806541
5.98;-0.162790189
6;-0.118818593
6.02;-0.089095981
6.04;-0.069304858
6.06;-0.055943117
6.08;-0.046705176
6.1;-0.040166452
6.12;-0.03550843
6.14;-0.032303112
6.16;-0.030419284
6.18;-0.030028773
6.2;-0.031678293
6.22;-0.036283205
6.24;-0.044746371
6.26;-0.056364869
6.28;-0.064706195
6.3;-0.060363707
6.32;-0.04743309
6.34;-0.03509605
6.36;-0.027029645
6.38;-0.022424733
6.4;-0.020406569
6.42;-0.020500292
6.44;-0.02286523
6.46;-0.028116829
6.48;-0.036676841
6.5;-0.04662395
6.52;-0.050828978
6.54;-0.045383685
6.56;-0.03740163
6.58;-0.031525213
6.6;-0.026226753
6.62;-0.020387825
6.64;-0.014483291
6.66;-0.011006176
6.68;-0.008772451
6.7;-0.007279135
6.72;-0.006279425
6.74;-0.005592125
6.76;-0.005120387
6.78;-0.004836095
6.8;-0.004754868
6.82;-0.004932941
6.84;-0.00543592
6.86;-0.006207571
6.88;-0.006773032
6.9;-0.006404389
6.92;-0.005382811
6.94;-0.004451831
6.96;-0.00385513
6.98;-0.003889495
7;-0.003945728
7.02;-0.004361233
7.04;-0.005239102
7.06;-0.006654316
7.08;-0.007975807
7.1;-0.008628742
7.12;-0.00746658
7.14;-0.005798315
7.16;-0.004345612
7.18;-0.003399012
7.2;-0.002846048
7.22;-0.002524266
7.24;-0.002349317
7.26;-0.002264967
7.28;-0.00225247
7.3;-0.002308704
7.32;-0.002461785
7.34;-0.002086893
7.36;-0.002652354
7.38;-0.003589582
7.4;-0.004989175
7.42;-0.006551221
7.44;-0.007441587
7.46;-0.006526228
7.48;-0.005011044
7.5;-0.003823889
7.52;-0.00311472
7.54;-0.002805435
7.56;-0.002808559
7.58;-0.003077231
7.6;-0.003592706
7.62;-0.004636153
7.64;-0.004845467
7.66;-0.004642401
7.68;-0.00413005
7.7;-0.003780151
7.72;-0.003620823
7.74;-0.003605202
7.76;-0.003639567
7.78;-0.003789524
7.8;-0.003995714
7.82;-0.004255013
7.84;-0.004564299
7.86;-0.004945438
7.88;-0.005401555
7.9;-0.005963892
7.92;-0.006654316
7.94;-0.007479076
7.96;-0.008422552
7.98;-0.009519109
8;-0.011059286
8.02;-0.013327377
8.04;-0.016898214
8.06;-0.022671536
8.08;-0.03184387
8.1;-0.045168123
8.12;-0.060016933
8.14;-0.066430694
8.16;-0.058604843
8.18;-0.046252183
8.2;-0.036992374
8.22;-0.031875111
8.24;-0.030234963
8.26;-0.031350264
8.28;-0.034905481
8.3;-0.041328614
8.32;-0.051916162
8.34;-0.069770348
8.36;-0.100077165
8.38;-0.149450316
8.4;-0.221276317
8.42;-0.298688194
8.44;-0.324349486
8.46;-0.271680418
8.48;-0.197755027
8.5;-0.14341457
8.52;-0.114897858
8.54;-0.109230755
8.56;-0.123448498
8.58;-0.153517884
8.6;-0.183340467
8.62;-0.181562858
8.64;-0.148194431
8.66;-0.112264248
8.68;-0.085150253
8.7;-0.067102373
8.72;-0.056830359
8.74;-0.052469126
8.76;-0.052669068
8.78;-0.057336462
8.8;-0.067883396
8.82;-0.087280884
8.84;-0.119315324
8.86;-0.16528009
8.88;-0.212656947
8.9;-0.22654666
8.92;-0.200394885
8.94;-0.171712596
8.96;-0.164536557
8.98;-0.187601728
9;-0.24787796
9.02;-0.350257581
9.04;-0.477508099
9.06;-0.554707538
9.08;-0.526596958
9.1;-0.453065203
9.12;-0.365225106
9.14;-0.26578838
9.16;-0.182456349
9.18;-0.125716589
9.2;-0.089948859
9.22;-0.067677206
9.24;-0.053453215
9.26;-0.044009085
9.28;-0.037573455
9.3;-0.033159113
9.32;-0.029881941
9.34;-0.026798462
9.36;-0.023849319
9.38;-0.021615593
9.4;-0.020394073
9.42;-0.020359708
9.44;-0.021662454
9.46;-0.024046137
9.48;-0.025851862
9.5;-0.024517874
9.52;-0.020965782
9.54;-0.017754215
9.56;-0.015729804
9.58;-0.014836313
9.6;-0.014842561
9.62;-0.015857891
9.64;-0.018154099
9.66;-0.022490339
9.68;-0.030028773
9.7;-0.041844089
9.72;-0.056917833
9.74;-0.067358549
9.76;-0.063134776
9.78;-0.050485328
9.8;-0.040478861
9.82;-0.036792432
9.84;-0.039882159
9.86;-0.049045121
9.88;-0.060201254
9.9;-0.062391243
9.92;-0.051844308
9.94;-0.038057689
9.96;-0.027663835
9.98;-0.021278191
10;-0.017951033
10.02;-0.016782623
10.04;-0.017391821
10.06;-0.02000981
10.08;-0.025336387
10.1;-0.033902647
10.12;-0.045021291
10.14;-0.05233479
10.16;-0.048795194
10.18;-0.039616611
10.2;-0.032659258
10.22;-0.030419284
10.24;-0.033468398
10.26;-0.042537637
10.28;-0.058142477
10.3;-0.079401924
10.32;-0.101236203
10.34;-0.106912679
10.36;-0.087687016
10.38;-0.061147854
10.4;-0.040606949
10.42;-0.027307689
10.44;-0.019281896
10.46;-0.014464546
10.48;-0.011443549
10.5;-0.009425386
10.52;-0.007582171
10.54;-0.006607455
10.56;-0.005957644
10.58;-0.005613993
10.6;-0.005429672
10.62;-0.00583268
10.64;-0.006651192
10.66;-0.007619661
10.68;-0.008194493
10.7;-0.008269472
10.72;-0.007707135
10.74;-0.006535601
10.76;-0.005473409
10.78;-0.004920445
10.8;-0.004973555
10.82;-0.005701468
10.84;-0.007272886
10.86;-0.009781532
10.88;-0.012643201
10.9;-0.013777246
10.92;-0.011993389
10.94;-0.009362904
10.96;-0.007560303
10.98;-0.00693236
11;-0.007285383
11.02;-0.008044537
11.04;-0.008103895
11.06;-0.007194784
11.08;-0.00624506
11.1;-0.005798315
11.12;-0.005960768
11.14;-0.0067949
11.16;-0.00855064
11.18;-0.011718469
11.2;-0.016970068
11.22;-0.024595977
11.24;-0.032934179
11.26;-0.035955176
11.28;-0.031144074
11.3;-0.02475843
11.32;-0.021381286
11.34;-0.022012353
11.36;-0.026104913
11.38;-0.031175315
11.4;-0.032896689
11.42;-0.030816044
11.44;-0.025876855
11.46;-0.019316261
11.48;-0.013805363
11.5;-0.010243898
11.52;-0.008347574
11.54;-0.007704011
11.56;-0.008041413
11.58;-0.009062991
11.6;-0.009972102
11.62;-0.010075197
11.64;-0.01011581
11.66;-0.011381067
11.68;-0.014623875
11.7;-0.020000437
11.72;-0.025892475
11.74;-0.028288654
11.76;-0.026220505
11.78;-0.021599973
11.8;-0.015739176
11.82;-0.010874964
11.84;-0.007650901
11.86;-0.005788943
11.88;-0.004892328
11.9;-0.004654897
11.92;-0.004829846
11.94;-0.004957934
11.96;-0.004686138
11.98;-0.004411218
12;-0.004636153
12.02;-0.005567132
12.04;-0.007060448
12.06;-0.008172625
12.08;-0.007591544
12.1;-0.00590141
12.12;-0.004401846
12.14;-0.003508355
12.16;-0.003214691
12.18;-0.003498983
12.2;-0.004436211
12.22;-0.006185702
12.24;-0.0086881
12.26;-0.010909329
12.28;-0.010768745
12.3;-0.008500654
12.32;-0.006241936
12.34;-0.004907949
12.36;-0.004454955
12.38;-0.004411218
12.4;-0.00399259
12.42;-0.003089727
12.44;-0.002224354
12.46;-0.001630776
12.48;-0.001293374
12.5;-0.001174659
12.52;-0.001243389
12.54;-0.001515185
12.56;-0.001968178
12.58;-0.002405551
12.6;-0.002446164
12.62;-0.002164996
12.64;-0.002011915
12.66;-0.002218105
12.68;-0.002811683
12.7;-0.00358021
12.72;-0.004033203
12.74;-0.003998838
12.76;-0.003324034
12.78;-0.002318076
12.8;-0.001474571
12.82;-0.000912235
12.84;-0.000574833
12.86;-0.000362395
12.88;-0.000262424
12.9;-0.000231183
12.92;-0.000253051
12.94;-0.000371767
12.96;-0.000615446
12.98;-0.000999709
13;-0.001443331
13.02;-0.001630776
13.04;-0.001380849
13.06;-0.000959096
13.08;-0.000574833
13.1;-0.000309285
13.12;-0.000156205
13.14;-8.43505E-05
13.16;-6.873E-05
13.18;-0.000103095
13.2;-0.00019057
13.22;-0.00034365
13.24;-0.000659183
13.26;-0.001177783
13.28;-0.001974426
13.3;-0.00290853
13.32;-0.003367771
13.34;-0.002889785
13.36;-0.002027536
13.38;-0.001315243
13.4;-0.000880994
13.42;-0.000718541
13.44;-0.000793519
13.46;-0.001087184
13.48;-0.001537053
13.5;-0.001874455
13.52;-0.001740119
13.54;-0.001327739
13.56;-0.001034074
13.58;-0.000968469
13.6;-0.001040323
13.62;-0.000990337
13.64;-0.000718541
13.66;-0.000409256
13.68;-0.000187446
13.7;-5.62337E-05
13.72;0
13.74;-3.12409E-06
13.76;-4.68614E-05
13.78;-0.00013746
13.8;-0.000243679
13.82;-0.000368643
13.84;-0.000593577
13.86;-0.000990337
13.88;-0.001530805
13.9;-0.001949433
13.92;-0.001874455
13.94;-0.001458951
13.96;-0.001037199
13.98;-0.000777899
14;-0.000727913
14.02;-0.000909111
14.04;-0.001321491
14.06;-0.001915068
14.08;-0.002311828
14.1;-0.002193113
14.12;-0.001868207
14.14;-0.00177136
14.16;-0.002021288
14.18;-0.002464909
14.2;-0.002749201
14.22;-0.002658602
14.24;-0.002146251
14.26;-0.001515185
14.28;-0.001065315
14.3;-0.000865374
14.32;-0.000884118
14.34;-0.001068439
14.36;-0.001240265
14.38;-0.001271505
14.4;-0.00130587
14.42;-0.00154955
14.44;-0.002021288
14.46;-0.002411799
14.48;-0.002230602
14.5;-0.0016339
14.52;-0.001080936
14.54;-0.000731038
14.56;-0.000577957
14.58;-0.00060295
14.6;-0.000746658
14.62;-0.000977841
14.64;-0.001165286
14.66;-0.001252761
14.68;-0.001430834
14.7;-0.001849462
14.72;-0.002452412
14.74;-0.002736705
14.76;-0.002361814
14.78;-0.001715127
14.8;-0.001218396
14.82;-0.0009466
14.84;-0.000899739
14.86;-0.000987213
14.88;-0.001212148
14.9;-0.001530805
14.92;-0.001890076
14.94;-0.002424295
14.96;-0.003380268
14.98;-0.004904825
15;-0.006635572
15.02;-0.007738376
15.04;-0.007594668
15.06;-0.006251308
15.08;-0.004454955
15.1;-0.003089727
15.12;-0.002280587
15.14;-0.001836966
15.16;-0.001665141
15.18;-0.00170263
15.2;-0.001946309
15.22;-0.002446164
15.24;-0.003239683
15.26;-0.004167539
15.28;-0.004770489
15.3;-0.004770489
15.32;-0.004261262
15.34;-0.003652064
15.36;-0.003324034
15.38;-0.003361523
15.4;-0.0037864
15.42;-0.004698634
15.44;-0.006354403
15.46;-0.00923794
15.48;-0.013855348
15.5;-0.020331591
15.52;-0.026567279
15.54;-0.027551368
15.56;-0.022752762
15.58;-0.01670452
15.6;-0.012108981
15.62;-0.009553474
15.64;-0.008778699
15.66;-0.009322291
15.68;-0.010365737
15.7;-0.010553183
15.72;-0.009906496
15.74;-0.009762788
15.76;-0.010584424
15.78;-0.011399812
15.8;-0.010603168
15.82;-0.008588129
15.84;-0.006841762
15.86;-0.005857673
15.88;-0.005601497
15.9;-0.005982636
15.92;-0.006894871
15.94;-0.008094523
15.96;-0.009397269
15.98;-0.011365447
16;-0.014620751
16.02;-0.018532114
16.04;-0.020344087
16.06;-0.018441515
16.08;-0.015629833
16.1;-0.014327086
16.12;-0.015279934
16.14;-0.018760173
16.16;-0.024667831
16.18;-0.031172191
16.2;-0.033808924
16.22;-0.032284367
16.24;-0.031753272
16.26;-0.034336896
16.28;-0.036923644
16.3;-0.034624312
16.32;-0.029335224
16.34;-0.025658168
16.36;-0.02539262
16.38;-0.029019691
16.4;-0.036736199
16.42;-0.047511192
16.44;-0.057436433
16.46;-0.06544348
16.48;-0.078842711
16.5;-0.101773547
16.52;-0.125013668
16.54;-0.127291131
16.56;-0.106222254
16.58;-0.077577454
16.6;-0.053428222
16.62;-0.03753909
16.64;-0.028535457
16.66;-0.02396491
16.68;-0.021334425
16.7;-0.019119443
16.72;-0.017760463
16.74;-0.017776084
16.76;-0.018307179
16.78;-0.01749804
16.8;-0.015523613
16.82;-0.014255232
16.84;-0.014755087
16.86;-0.017504288
16.88;-0.02265904
16.9;-0.028944713
16.92;-0.031837622
16.94;-0.028651048
16.96;-0.023974282
16.98;-0.021306308
17;-0.019972321
17.02;-0.017638624
17.04;-0.014517656
17.06;-0.012205828
17.08;-0.011352951
17.1;-0.012071492
17.12;-0.014233363
17.14;-0.017020054
17.16;-0.018525866
17.18;-0.018738304
17.2;-0.020150394
17.22;-0.023883684
17.24;-0.028426114
17.26;-0.030481766
17.28;-0.02775131
17.3;-0.022087331
17.32;-0.017485543
17.34;-0.015404898
17.36;-0.015542358
17.38;-0.016454593
17.4;-0.016529571
17.42;-0.016592053
17.44;-0.018097865
17.46;-0.020275357
17.48;-0.020144146
17.5;-0.01696382
17.52;-0.012996223
17.54;-0.009865883
17.56;-0.007957062
17.58;-0.007129178
17.6;-0.007154171
17.62;-0.007975807
17.64;-0.009740919
17.66;-0.012652573
17.68;-0.016176549
17.7;-0.018038508
17.72;-0.01655144
17.74;-0.014064662
17.76;-0.012890004
17.78;-0.013802239
17.8;-0.016851353
17.82;-0.021334425
17.84;-0.024630342
17.86;-0.024820911
17.88;-0.02498024
17.9;-0.028166814
17.92;-0.034233801
17.94;-0.03944791
17.96;-0.038085806
17.98;-0.030284948
18;-0.02231539
18.02;-0.017079411
18.04;-0.014767583
18.06;-0.014152137
18.08;-0.014198998
18.1;-0.015248693
18.12;-0.017688609
18.14;-0.019869226
18.16;-0.01880391
18.18;-0.015017511
18.2;-0.01114676
18.22;-0.008400684
18.24;-0.006841762
18.26;-0.00624506
18.28;-0.006501236
18.3;-0.00765715
18.32;-0.009869007
18.34;-0.012964982
18.36;-0.015458008
18.38;-0.014980021
18.4;-0.012499492
18.42;-0.010531314
18.44;-0.010093941
18.46;-0.011293593
18.48;-0.013702268
18.5;-0.015745424
18.52;-0.015804782
18.54;-0.015245569
18.56;-0.015651701
18.58;-0.016082826
18.6;-0.014701977
18.62;-0.012430762
18.64;-0.01107803
18.66;-0.011302965
18.68;-0.013155552
18.7;-0.016245279
18.72;-0.019225663
18.74;-0.021496877
18.76;-0.025061467
18.78;-0.030809796
18.8;-0.035620898
18.82;-0.035361598
18.84;-0.03040054
18.86;-0.024799043
18.88;-0.021990484
18.9;-0.022593434
18.92;-0.025036474
18.94;-0.026054928
18.96;-0.02539262
18.98;-0.026164271
19;-0.028616683
19.02;-0.029244626
19.04;-0.025717526
19.06;-0.019597429
19.08;-0.013852224
19.1;-0.00984089
19.12;-0.007429091
19.14;-0.006170082
19.16;-0.005748329
19.18;-0.006063863
19.2;-0.007022959
19.22;-0.008272596
19.24;-0.00896302
19.26;-0.008338202
19.28;-0.006960477
19.3;-0.005929527
19.32;-0.005654607
19.34;-0.005942023
19.36;-0.006323162
19.38;-0.006769907
19.4;-0.00767277
19.42;-0.008625618
19.44;-0.008331954
19.46;-0.006919864
19.48;-0.005657731
19.5;-0.005126635
19.52;-0.005385935
19.54;-0.006241936
19.56;-0.007147923
19.58;-0.007807106
19.6;-0.008822436
19.62;-0.010281387
19.64;-0.010915578
19.66;-0.009881503
19.68;-0.008303837
19.7;-0.007404098
19.72;-0.007638405
19.74;-0.00882556
19.76;-0.009940861
19.78;-0.009806525
19.8;-0.00922232
19.82;-0.00929105
19.84;-0.009684685
19.86;-0.009437882
19.88;-0.008313209
19.9;-0.007141674
19.92;-0.006751163
19.94;-0.007235397
19.96;-0.007960187
19.98;-0.008032041
20;-0.007860216
20.02;-0.00841318
20.04;-0.009709678
20.06;-0.010637533
20.08;-0.009844014
20.1;-0.007928946
20.12;-0.006423133
20.14;-0.005810811
20.16;-0.005910782
20.18;-0.006338783
20.2;-0.007204156
20.22;-0.00855064
20.24;-0.009319167
20.26;-0.008325705
20.28;-0.006591834
20.3;-0.005357818
20.32;-0.004982927
20.34;-0.005373438
20.36;-0.006120096
20.38;-0.006757411
20.4;-0.007560303
20.42;-0.008803691
20.44;-0.009590963
20.46;-0.008866173
20.48;-0.007425967
20.5;-0.006454374
20.52;-0.006498111
20.54;-0.007341616
20.56;-0.007957062
20.58;-0.007247894
20.6;-0.005920154
20.62;-0.00503916
20.64;-0.004776737
20.66;-0.00467989
20.68;-0.004326868
20.7;-0.004036327
20.72;-0.004186283
20.74;-0.004720503
20.76;-0.005070401
20.78;-0.004889204
20.8;-0.00467989
20.82;-0.004670518
20.84;-0.0044737
20.86;-0.004080064
20.88;-0.003989466
20.9;-0.004508065
20.92;-0.005663979
20.94;-0.006991718
20.96;-0.007419719
20.98;-0.006907368
21;-0.006466871
21.02;-0.006120096
21.04;-0.005301584
21.06;-0.004280006
21.08;-0.003602078
21.1;-0.003424005
21.12;-0.003814516
21.14;-0.004904825
21.16;-0.00691674
21.18;-0.009956481
21.2;-0.013255523
21.22;-0.014433305
21.24;-0.012468251
21.26;-0.009590963
21.28;-0.007557179
21.3;-0.006748039
21.32;-0.006804273
21.34;-0.006954229
21.36;-0.006979222
21.38;-0.007304127
21.4;-0.007675894
21.42;-0.00741347
21.44;-0.006938608
21.46;-0.007194784
21.48;-0.008569385
21.5;-0.010818731
21.52;-0.012508865
21.54;-0.012240193
21.56;-0.011331082
21.58;-0.011181125
21.6;-0.01132171
21.62;-0.010618789
21.64;-0.009097356
21.66;-0.007969559
21.68;-0.007866464
21.7;-0.00848191
21.72;-0.009081736
21.74;-0.009747167
21.76;-0.010790614
21.78;-0.010971811
21.8;-0.009231692
21.82;-0.006919864
21.84;-0.005254723
21.86;-0.004445583
21.88;-0.00435186
21.9;-0.004782985
21.92;-0.005729585
21.94;-0.007204156
21.96;-0.00853502
21.98;-0.008500654
22;-0.007035455
22.02;-0.005220358
22.04;-0.003889495
22.06;-0.003208443
22.08;-0.003089727
22.1;-0.00345837
22.12;-0.004230021
22.14;-0.004998547
22.16;-0.005020416
22.18;-0.004245641
22.2;-0.003305289
22.22;-0.00264923
22.24;-0.002402427
22.26;-0.002571128
22.28;-0.003177202
22.3;-0.004170663
22.32;-0.005254723
22.34;-0.005720213
22.36;-0.0054203
22.38;-0.005014168
22.4;-0.005136007
22.42;-0.005873293
22.44;-0.006716798
22.46;-0.007107309
22.48;-0.007463456
22.5;-0.007844595
22.52;-0.007332244
22.54;-0.00598576
22.56;-0.00481735
22.58;-0.004264386
22.6;-0.004389349
22.62;-0.005257847
22.64;-0.00698547
22.66;-0.009637824
22.68;-0.012577595
22.7;-0.01412402
22.72;-0.013446092
22.74;-0.011949652
22.76;-0.011424805
22.78;-0.012255813
22.8;-0.013352369
22.82;-0.013749129
22.84;-0.014473919
22.86;-0.015901629
22.88;-0.016382739
22.9;-0.014545773
22.92;-0.011540396
22.94;-0.009294174
22.96;-0.008316333
22.98;-0.008281968
23;-0.008913035
23.02;-0.010218905
23.04;-0.011362323
23.06;-0.010981184
23.08;-0.009419138
23.1;-0.008122639
23.12;-0.00781023
23.14;-0.008225734
23.16;-0.008385063
23.18;-0.008035165
23.2;-0.007782113
23.22;-0.007338492
23.24;-0.006216943
23.26;-0.005048533
23.28;-0.004389349
23.3;-0.004345612
23.32;-0.004770489
23.34;-0.005532767
23.36;-0.006701177
23.38;-0.008119515
23.4;-0.008844305
23.42;-0.00829134
23.44;-0.007282259
23.46;-0.006776156
23.48;-0.006957353
23.5;-0.007176039
23.52;-0.006788652
23.54;-0.006279425
23.56;-0.006154461
23.58;-0.006388768
23.6;-0.006966725
23.62;-0.008175749
23.64;-0.010425095
23.66;-0.013705392
23.68;-0.017457426
23.7;-0.021915506
23.72;-0.027473266
23.74;-0.031162818
23.76;-0.029200888
23.78;-0.023005814
23.8;-0.016873221
23.82;-0.012983727
23.84;-0.011496659
23.86;-0.012074616
23.88;-0.014152137
23.9;-0.016073454
23.92;-0.015308051
23.94;-0.012424514
23.96;-0.00984089
23.98;-0.008472538
24;-0.008335078
24.02;-0.00922232
24.04;-0.011034293
24.06;-0.013414851
24.08;-0.014814445
24.1;-0.014227115
24.12;-0.013180544
24.14;-0.013358618
24.16;-0.01520808
24.18;-0.017935413
24.2;-0.02062838
24.22;-0.023933669
24.24;-0.026860944
24.26;-0.02599557
24.28;-0.021459388
24.3;-0.016629542
24.32;-0.013646034
24.34;-0.01295561
24.36;-0.014517656
24.38;-0.018094741
24.4;-0.022380996
24.42;-0.024186721
24.44;-0.02259031
24.46;-0.020740847
24.48;-0.021062629
24.5;-0.023258865
24.52;-0.024289816
24.54;-0.022502835
24.56;-0.020212876
24.58;-0.018051004
24.6;-0.015379905
24.62;-0.013274267
24.64;-0.012746296
24.66;-0.013999057
24.68;-0.016717017
24.7;-0.020615884
24.72;-0.025648796
24.74;-0.029341473
24.76;-0.028032478
24.78;-0.024030516
24.8;-0.021624965
24.82;-0.022065462
24.84;-0.023824326
24.86;-0.024249203
24.88;-0.023902428
24.9;-0.023833698
24.92;-0.02217793
24.94;-0.018369661
24.96;-0.014470794
24.98;-0.012121477
25;-0.011755958
25.02;-0.013411727
25.04;-0.016804491
25.06;-0.020278482
25.08;-0.020459679
25.1;-0.017294974
25.12;-0.014186502
25.14;-0.01276504
25.16;-0.012618208
25.18;-0.012255813
25.2;-0.011206118
25.22;-0.010231401
25.24;-0.009075487
25.26;-0.007579047
25.28;-0.006426257
25.3;-0.006010753
25.32;-0.006438754
25.34;-0.007853967
25.36;-0.010406351
25.38;-0.013802239
25.4;-0.016507702
25.42;-0.016473337
25.44;-0.014230239
25.46;-0.01229955
25.48;-0.011846557
25.5;-0.012649449
25.52;-0.014411437
25.54;-0.016607673
25.56;-0.017079411
25.58;-0.014892547
25.6;-0.012221448
25.62;-0.010843724
25.64;-0.011246731
25.66;-0.013377362
25.68;-0.017082535
25.7;-0.021168848
25.72;-0.022068586
25.74;-0.018525866
25.76;-0.013802239
25.78;-0.010303256
25.8;-0.008256975
25.82;-0.00693236
25.84;-0.005879541
25.86;-0.005107891
25.88;-0.004386225
25.9;-0.003605202
25.92;-0.003030369
25.94;-0.002780442
25.96;-0.002877289
25.98;-0.003330282
26;-0.004126926
26.02;-0.004914197
26.04;-0.005029788
26.06;-0.004592415
26.08;-0.004320619
26.1;-0.004545554
26.12;-0.005067277
26.14;-0.005476533
26.16;-0.005904534
26.18;-0.00650436
26.2;-0.006801148
26.22;-0.006529352
26.24;-0.006345031
26.26;-0.006751163
26.28;-0.00746658
26.3;-0.008022668
26.32;-0.008863049
26.34;-0.010225153
26.36;-0.010824979
26.38;-0.009519109
26.4;-0.007591544
26.42;-0.006348155
26.44;-0.005992009
26.46;-0.006341907
26.48;-0.007038579
26.5;-0.007082317
26.52;-0.005998257
26.54;-0.004729875
26.56;-0.003955101
26.58;-0.003827013
26.6;-0.004323743
26.62;-0.005370314
26.64;-0.006516856
26.66;-0.006951105
26.68;-0.00686363
26.7;-0.007257266
26.72;-0.008441297
26.74;-0.009531605
26.76;-0.009191079
26.78;-0.007950814
26.8;-0.007013587
26.82;-0.006544973
26.84;-0.006391892
26.86;-0.006819893
26.88;-0.008097647
26.9;-0.010103314
26.92;-0.012793157
26.94;-0.016179673
26.96;-0.018619589
26.98;-0.017822945
27;-0.014598882
27.02;-0.011724718
27.04;-0.010340745
27.06;-0.010181416
27.08;-0.010840599
27.1;-0.011424805
27.12;-0.010331372
27.14;-0.007994552
27.16;-0.005951395
27.18;-0.004704883
27.2;-0.004148794
27.22;-0.004126926
27.24;-0.00448932
27.26;-0.004926693
27.28;-0.005114139
27.3;-0.005235978
27.32;-0.005748329
27.34;-0.006629323
27.36;-0.007294755
27.38;-0.007647777
27.4;-0.007919573
27.42;-0.007591544
27.44;-0.006669937
27.46;-0.005995133
27.48;-0.006195075
27.5;-0.007579047
27.52;-0.010259518
27.54;-0.013714764
27.56;-0.015782913
27.58;-0.014464546
27.6;-0.011056162
27.62;-0.007903953
27.64;-0.005873293
27.66;-0.004857963
27.68;-0.004545554
27.7;-0.004470576
27.72;-0.004167539
27.74;-0.003752035
27.76;-0.00361145
27.78;-0.003933232
27.8;-0.004829846
27.82;-0.006304418
27.84;-0.007975807
27.86;-0.008759954
27.88;-0.008447545
27.9;-0.00827572
27.92;-0.009109852
27.94;-0.010987432
27.96;-0.0135898
27.98;-0.016854477
28;-0.01942248
28.02;-0.019135064
28.04;-0.016898214
28.06;-0.015326796
28.08;-0.015195584
28.1;-0.015411146
28.12;-0.015764169
28.14;-0.016929455
28.16;-0.017519908
28.18;-0.015336168
28.2;-0.011609126
28.22;-0.008510027
28.24;-0.006469995
28.26;-0.005185993
28.28;-0.004417466
28.3;-0.003883246
28.32;-0.003470866
28.34;-0.003327158
28.36;-0.003567713
28.38;-0.004242517
28.4;-0.005354694
28.42;-0.00671055
28.44;-0.007491573
28.46;-0.007026083
28.48;-0.006085731
28.5;-0.005585877
28.52;-0.005748329
28.54;-0.006370024
28.56;-0.007291631
28.58;-0.007925822
28.6;-0.007516565
28.62;-0.006607455
28.64;-0.006182578
28.66;-0.006635572
28.68;-0.007953938
28.7;-0.010081445
28.72;-0.012390149
28.74;-0.013499202
28.76;-0.013380486
28.78;-0.013602297
28.8;-0.014489539
28.82;-0.014052166
28.84;-0.011431053
28.86;-0.008491282
28.88;-0.006291921
28.9;-0.00493919
28.92;-0.004383101
28.94;-0.004561174
28.96;-0.005451541
28.98;-0.006957353
29;-0.008475662
29.02;-0.008650611
29.04;-0.007422843
29.06;-0.006188826
29.08;-0.005773322
29.1;-0.00629817
29.12;-0.007660274
29.14;-0.00935978
29.16;-0.009993971
29.18;-0.008822436
29.2;-0.007022959
29.22;-0.00569522
29.24;-0.004823598
29.26;-0.004042575
29.28;-0.003395888
29.3;-0.002905406
29.32;-0.002536763
29.34;-0.00238993
29.36;-0.002521142
29.38;-0.002830427
29.4;-0.003205318
29.42;-0.003645815
29.44;-0.00399259
29.46;-0.004280006
29.48;-0.004976679
29.5;-0.006179454
29.52;-0.007172915
29.54;-0.007219777
29.56;-0.006748039
29.58;-0.005920154
29.6;-0.004761116
29.62;-0.003845757
29.64;-0.003486487
29.66;-0.003695801
29.68;-0.004358108
29.7;-0.005260971
29.72;-0.005707716
29.74;-0.005117263
29.76;-0.003986341
29.78;-0.003095975
29.8;-0.00271796
29.82;-0.002836676
29.84;-0.003277173
29.86;-0.003655188
29.88;-0.003627071
29.9;-0.003442749
29.92;-0.003433377
29.94;-0.003448998
29.96;-0.003280297
29.98;-0.003067858
30;-0.002811683
30.02;-0.002596121
30.04;-0.002667975
30.06;-0.003211567
30.08;-0.004317495
30.1;-0.005923279
30.12;-0.007375981
30.14;-0.007541558
30.16;-0.006707426
30.18;-0.006095104
30.2;-0.006110724
30.22;-0.006385644
30.24;-0.006748039
30.26;-0.007266638
30.28;-0.007316624
30.3;-0.006510608
30.32;-0.005648358
30.34;-0.005223482
30.36;-0.005032912
30.38;-0.004982927
30.4;-0.005017292
30.42;-0.00481735
30.44;-0.004526809
30.46;-0.004620532
30.48;-0.005220358
30.5;-0.006116972
30.52;-0.007051076
30.54;-0.007132302
30.56;-0.005907658
30.58;-0.004464328
30.6;-0.003577085
30.62;-0.003364647
30.64;-0.003702049
30.66;-0.004226897
30.68;-0.004233145
30.7;-0.003608326
30.72;-0.00299288
30.74;-0.00271796
30.76;-0.00270234
30.78;-0.002799186
30.8;-0.00285542
30.82;-0.002549259
30.84;-0.001993171
30.86;-0.001540177
30.88;-0.001324615
30.9;-0.001346484
30.92;-0.001533929
30.94;-0.001712002
30.96;-0.001727623
30.98;-0.001727623
31;-0.001865083
31.02;-0.001999419
31.04;-0.0018932
31.06;-0.001665141
31.08;-0.001537053
31.1;-0.001599535
31.12;-0.001927565
31.14;-0.002624237
31.16;-0.003798896
31.18;-0.005432796
31.2;-0.006941733
31.22;-0.007247894
31.24;-0.006582462
31.26;-0.006141965
31.28;-0.006388768
31.3;-0.007085441
31.32;-0.008078902
31.34;-0.008956772
31.36;-0.008675604
31.38;-0.007307251
31.4;-0.006020125
31.42;-0.005335949
31.44;-0.005148504
31.46;-0.005392183
31.48;-0.005788943
31.5;-0.005826432
31.52;-0.005704592
31.54;-0.005863921
31.56;-0.006063863
31.58;-0.006073235
31.6;-0.005879541
31.62;-0.005264095
31.64;-0.004586167
31.66;-0.004414342
31.68;-0.004957934
31.7;-0.006257556
31.72;-0.008231983
31.74;-0.010084569
31.76;-0.010471957
31.78;-0.009675313
31.8;-0.009128597
31.82;-0.009006757
31.84;-0.008944276
31.86;-0.008806816
31.88;-0.007991427
31.9;-0.00672617
31.92;-0.005942023
31.94;-0.006129469
31.96;-0.007332244
31.98;-0.00903175
32;-0.009753415
32.02;-0.008722465
32.04;-0.007241645
32.06;-0.006351279
32.08;-0.005957644
32.1;-0.00569522
32.12;-0.005370314
32.14;-0.004598664
32.16;-0.003592706
32.18;-0.0028398
32.2;-0.002468033
32.22;-0.002424295
32.24;-0.002627361
32.26;-0.002902282
32.28;-0.003033493
32.3;-0.003142837
32.32;-0.003467742
32.34;-0.004001962
32.36;-0.004651773
32.38;-0.005239102
32.4;-0.005454665
32.42;-0.005688972
32.44;-0.006423133
32.46;-0.007272886
32.48;-0.007513441
32.5;-0.007322872
32.52;-0.006785528
32.54;-0.005738957
32.56;-0.00467989
32.58;-0.004033203
32.6;-0.003689553
32.62;-0.003517728
32.64;-0.003430253
32.66;-0.003339654
32.68;-0.003417757
32.7;-0.003880122
32.72;-0.004779861
32.74;-0.006079483
32.76;-0.007469704
32.78;-0.008385063
32.8;-0.009212947
32.82;-0.01092495
32.84;-0.013539815
32.86;-0.016257775
32.88;-0.018532114
32.9;-0.018797662
32.92;-0.016329629
32.94;-0.013624165
32.96;-0.012618208
32.98;-0.01371164
33;-0.016448345
33.02;-0.018928874
33.04;-0.01852899
33.06;-0.015792285
33.08;-0.013283639
33.1;-0.011805944
33.12;-0.010928074
33.14;-0.01039073
33.16;-0.009737795
33.18;-0.009259809
33.2;-0.009725299
33.22;-0.011190498
33.24;-0.013136807
33.26;-0.014995642
33.28;-0.015214328
33.3;-0.01331488
33.32;-0.011284221
33.34;-0.010403227
33.36;-0.01059692
33.38;-0.011424805
33.4;-0.01194028
33.42;-0.011043665
33.44;-0.009462875
33.46;-0.008378815
33.48;-0.00793207
33.5;-0.007853967
33.52;-0.008019544
33.54;-0.00801642
33.56;-0.007928946
33.58;-0.008188245
33.6;-0.00834445
33.62;-0.00767277
33.64;-0.006648068
33.66;-0.005792067
33.68;-0.005370314
33.7;-0.005613993
33.72;-0.006445002
33.74;-0.007585296
33.76;-0.008791195
33.78;-0.00929105
33.8;-0.008638115
33.82;-0.007785237
33.84;-0.007544682
33.86;-0.00787896
33.88;-0.008575633
33.9;-0.009069239
33.92;-0.008706845
33.94;-0.008103895
33.96;-0.00836007
33.98;-0.009928365
34;-0.012471376
34.02;-0.014302093
34.04;-0.013692896
34.06;-0.01173409
34.08;-0.010275139
34.1;-0.009590963
34.12;-0.009341035
34.14;-0.009250437
34.16;-0.009003633
34.18;-0.00915359
34.2;-0.010134555
34.22;-0.011312337
34.24;-0.011984017
34.26;-0.012137098
34.28;-0.011343578
34.3;-0.010225153
34.32;-0.009990846
34.34;-0.010943694
34.36;-0.01269631
34.38;-0.014305218
34.4;-0.013930326
34.42;-0.011568513
34.44;-0.009206699
34.46;-0.007891457
34.48;-0.007582171
34.5;-0.00779461
34.52;-0.007597792
34.54;-0.006663688
34.56;-0.005720213
34.58;-0.005317205
34.6;-0.005460913
34.62;-0.005876417
34.64;-0.006095104
34.66;-0.006254432
34.68;-0.006997966
34.7;-0.008541268
34.72;-0.010725008
34.74;-0.013180544
34.76;-0.014417685
34.78;-0.013139931
34.8;-0.010878089
34.82;-0.009609707
34.84;-0.00985651
34.86;-0.011121768
34.88;-0.011868426
34.9;-0.010831227
34.92;-0.00901613
34.94;-0.007697763
34.96;-0.006997966
34.98;-0.006738667
35;-0.006491863
35.02;-0.005929527
35.04;-0.005417176
35.06;-0.005167248
35.08;-0.004904825
35.1;-0.004526809
35.12;-0.003973845
35.14;-0.003308413
35.16;-0.002867917
35.18;-0.002802311
35.2;-0.003124092
35.22;-0.003742662
35.24;-0.004373729
35.26;-0.004736124
35.28;-0.005082898
35.3;-0.005507774
35.32;-0.005645234
35.34;-0.005592125
35.36;-0.005423424
35.38;-0.005054781
35.4;-0.004876708
35.42;-0.005267219
35.44;-0.00622944
35.46;-0.007460332
35.48;-0.008022668
35.5;-0.007379105
35.52;-0.006370024
35.54;-0.005635862
35.56;-0.00502354
35.58;-0.004492444
35.6;-0.003983217
35.62;-0.003620823
35.64;-0.003686429
35.66;-0.004242517
35.68;-0.005182869
35.7;-0.00616071
35.72;-0.006445002
35.74;-0.006048242
35.76;-0.005732709
35.78;-0.005638986
35.8;-0.00548903
35.82;-0.005257847
35.84;-0.004732999
35.86;-0.004020706
35.88;-0.003630195
35.9;-0.003777027
35.92;-0.004345612
35.94;-0.004801729
35.96;-0.004661145
35.98;-0.004401846
36;-0.004573671
36.02;-0.005151628
36.04;-0.005854549
36.06;-0.006035746
36.08;-0.005285964
36.1;-0.004383101
36.12;-0.004005086
36.14;-0.004301875
36.16;-0.005070401
36.18;-0.005673351
36.2;-0.005617118
36.22;-0.00535157
36.24;-0.005354694
36.26;-0.005539015
36.28;-0.005782694
36.3;-0.005898286
36.32;-0.005870169
36.34;-0.006163834
36.36;-0.006829265
36.38;-0.007447835
36.4;-0.007750872
36.42;-0.007301003
36.44;-0.006401265
36.46;-0.00590141
36.48;-0.005879541
36.5;-0.005988884
36.52;-0.005895162
36.54;-0.005195365
36.56;-0.004304999
36.58;-0.003830137
36.6;-0.00392386
36.62;-0.004514313
36.64;-0.00528284
36.66;-0.005535891
36.68;-0.005223482
36.7;-0.005139131
36.72;-0.005657731
36.74;-0.00650436
36.76;-0.006744915
36.78;-0.005948271
36.8;-0.005014168
36.82;-0.004608036
36.84;-0.004751744
36.86;-0.005151628
36.88;-0.005189117
36.9;-0.004592415
36.92;-0.003908239
36.94;-0.003461494
36.96;-0.003170953
36.98;-0.002955391
37;-0.002705464
37.02;-0.002549259
37.04;-0.002652354
37.06;-0.002996004
37.08;-0.003523976
37.1;-0.004148794
37.12;-0.004773613
37.14;-0.005607745
37.16;-0.006541849
37.18;-0.006798024
37.2;-0.006282549
37.22;-0.0054203
37.24;-0.004476824
37.26;-0.003886371
37.28;-0.003833261
37.3;-0.004248765
37.32;-0.00500792
37.34;-0.005704592
37.36;-0.006101352
37.38;-0.006582462
37.4;-0.007060448
37.42;-0.007176039
37.44;-0.006757411
37.46;-0.005673351
37.48;-0.004579919
37.5;-0.003967597
37.52;-0.003755159
37.54;-0.003727042
37.56;-0.003552093
37.58;-0.003127216
37.6;-0.002805435
37.62;-0.002849172
37.64;-0.003274048
37.66;-0.003876998
37.68;-0.004117553
37.7;-0.003745786
37.72;-0.00332091
37.74;-0.003308413
37.76;-0.003698925
37.78;-0.004051947
37.8;-0.00393948
37.82;-0.003652064
37.84;-0.003627071
37.86;-0.003880122
37.88;-0.00413005
37.9;-0.003892619
37.92;-0.00318345
37.94;-0.002558631
37.96;-0.002239974
37.98;-0.002211857
38;-0.002449288
38.02;-0.002921026
38.04;-0.003645815
38.06;-0.00461116
38.08;-0.005470285
38.1;-0.005995133
38.12;-0.006026374
38.14;-0.005439044
38.16;-0.004836095
38.18;-0.004617408
38.2;-0.004683014
38.22;-0.004882956
38.24;-0.004989175
38.26;-0.005107891
38.28;-0.005382811
38.3;-0.005260971
38.32;-0.004445583
38.34;-0.003592706
38.36;-0.003142837
38.38;-0.003189698
38.4;-0.003602078
38.42;-0.004108181
38.44;-0.0044737
38.46;-0.004395598
38.48;-0.004067568
38.5;-0.003995714
38.52;-0.004251889
38.54;-0.004642401
38.56;-0.004842343
38.58;-0.004551802
38.6;-0.004167539
38.62;-0.004205028
38.64;-0.004751744
38.66;-0.005470285
38.68;-0.00564211
38.7;-0.005120387
38.72;-0.004564299
38.74;-0.004170663
38.76;-0.003792648
38.78;-0.00345837
38.8;-0.003230311
38.82;-0.003355275
38.84;-0.004058196
38.86;-0.005326577
38.88;-0.00664182
38.9;-0.006910492
38.92;-0.006129469
38.94;-0.005360942
38.96;-0.004992299
38.98;-0.004892328
39;-0.004842343
39.02;-0.004429963
39.04;-0.003770779
39.06;-0.00338964
39.08;-0.003455246
39.1;-0.003764531
39.12;-0.003898867
39.14;-0.003898867
39.16;-0.00413005
39.18;-0.004589291
39.2;-0.004995423
39.22;-0.004911073
39.24;-0.00414567
39.26;-0.003355275
39.28;-0.002952267
39.3;-0.002899157
39.32;-0.002958515
39.34;-0.002796062
39.36;-0.002483653
39.38;-0.002296208
39.4;-0.002221229
39.42;-0.002180616
39.44;-0.002105638
39.46;-0.001858835
39.48;-0.001537053
39.5;-0.001355856
39.52;-0.001365228
39.54;-0.001483944
39.56;-0.001568294
39.58;-0.001643272
39.6;-0.001849462
39.62;-0.002218105
39.64;-0.002658602
39.66;-0.002958515
39.68;-0.003233435
39.7;-0.003836385
39.72;-0.00487046
39.74;-0.006088855
39.76;-0.006741791
39.78;-0.006235688
39.8;-0.005329701
39.82;-0.004792357
39.84;-0.004689262
39.86;-0.004807978
39.88;-0.004779861
39.9;-0.004589291
39.92;-0.004545554
39.94;-0.00455805
39.96;-0.004492444
39.98;-0.004301875
40;-0.003739538
40.02;-0.003020997
40.04;-0.002493025
40.06;-0.002214981
40.08;-0.002149375
40.1;-0.002296208
40.12;-0.00270234
40.14;-0.003402136
40.16;-0.004320619
40.18;-0.005320329
40.2;-0.006032622
40.22;-0.006513732
40.24;-0.007288507
40.26;-0.008363194
40.28;-0.009297298
40.3;-0.009272305
40.32;-0.008044537
40.34;-0.006757411
40.36;-0.006182578
40.38;-0.006291921
40.4;-0.006685557
40.42;-0.007022959
40.44;-0.007641529
40.46;-0.008572509
40.48;-0.009150466
40.5;-0.009106728
40.52;-0.00836007
40.54;-0.007488449
40.56;-0.007197908
40.58;-0.007347865
40.6;-0.007560303
40.62;-0.007422843
40.64;-0.006994842
40.66;-0.006926112
40.68;-0.007282259
40.7;-0.007704011
40.72;-0.007753996
40.74;-0.007107309
40.76;-0.006376272
40.78;-0.006088855
40.8;-0.006148213
40.82;-0.006279425
40.84;-0.006126345
40.86;-0.005920154
40.88;-0.006101352
40.9;-0.006632447
40.92;-0.007179164
40.94;-0.007288507
40.96;-0.007241645
40.98;-0.007803982
41;-0.009119225
41.02;-0.010928074
41.04;-0.012455755
41.06;-0.012905624
41.08;-0.013046208
41.1;-0.013305508
41.12;-0.013252399
41.14;-0.012824398
41.16;-0.011343578
41.18;-0.00915359
41.2;-0.007554055
41.22;-0.006938608
41.24;-0.006816769
41.26;-0.006307542
41.28;-0.005354694
41.3;-0.004561174
41.32;-0.004167539
41.34;-0.004101933
41.36;-0.004223772
41.38;-0.004589291
41.4;-0.005292212
41.42;-0.006151337
41.44;-0.007041704
41.46;-0.007813354
41.48;-0.00834445
41.5;-0.009166086
41.52;-0.010634409
41.54;-0.012658821
41.56;-0.014714474
41.58;-0.015764169
41.6;-0.016235906
41.62;-0.016535819
41.64;-0.015951614
41.66;-0.014523904
41.68;-0.012383901
41.7;-0.010521942
41.72;-0.009812773
41.74;-0.010106438
41.76;-0.010425095
41.78;-0.009794029
41.8;-0.009003633
41.82;-0.009172334
41.84;-0.010509446
41.86;-0.012358908
41.88;-0.01338361
41.9;-0.01350545
41.92;-0.013605421
41.94;-0.013211785
41.96;-0.012102733
41.98;-0.010584424
42;-0.008956772
42.02;-0.008028917
42.04;-0.008169501
42.06;-0.008866173
42.08;-0.008775575
42.1;-0.007435339
42.12;-0.005888914
42.14;-0.004714255
42.16;-0.003920736
42.18;-0.003464618
42.2;-0.003330282
42.22;-0.003517728
42.24;-0.003880122
42.26;-0.004233145
42.28;-0.0044737
42.3;-0.004601788
42.32;-0.004986051
42.34;-0.0058483
42.36;-0.007004214
42.38;-0.007750872
42.4;-0.007354113
42.42;-0.006413761
42.44;-0.005842052
42.46;-0.005829556
42.48;-0.00616071
42.5;-0.006338783
42.52;-0.006323162
42.54;-0.006501236
42.56;-0.0067949
42.58;-0.006944857
42.6;-0.006741791
42.62;-0.006751163
42.64;-0.007607164
42.66;-0.009344159
42.68;-0.01113114
42.7;-0.011274848
42.72;-0.009619079
42.74;-0.00786334
42.76;-0.006888623
42.78;-0.006501236
42.8;-0.006076359
42.82;-0.005595249
42.84;-0.005576504
42.86;-0.006232564
42.88;-0.007247894
42.9;-0.007991427
42.92;-0.008700596
42.94;-0.009803401
42.96;-0.010693767
42.98;-0.010721884
43;-0.009503488
43.02;-0.007594668
43.04;-0.006204447
43.06;-0.005754578
43.08;-0.006023249
43.1;-0.006345031
43.12;-0.006198199
43.14;-0.005910782
43.16;-0.005670227
43.18;-0.005464037
43.2;-0.005407803
43.22;-0.005717088
43.24;-0.0067949
43.26;-0.008728713
43.28;-0.010681271
43.3;-0.010753125
43.32;-0.008875546
43.34;-0.006910492
43.36;-0.005717088
43.38;-0.005151628
43.4;-0.004773613
43.42;-0.004467452
43.44;-0.004511189
43.46;-0.00495481
43.48;-0.005620242
43.5;-0.00617633
43.52;-0.006741791
43.54;-0.007791486
43.56;-0.00922232
43.58;-0.010559431
43.6;-0.010868716
43.62;-0.009600335
43.64;-0.008025793
43.66;-0.007294755
43.68;-0.007454084
43.7;-0.007738376
43.72;-0.007522814
43.74;-0.007310375
43.76;-0.007569675
43.78;-0.007997676
43.8;-0.007791486
43.82;-0.007029207
43.84;-0.006648068
43.86;-0.00698547
43.88;-0.007660274
43.9;-0.007832099
43.92;-0.007363485
43.94;-0.007029207
43.96;-0.007129178
43.98;-0.007682142
44;-0.008591253
44.02;-0.009594087
44.04;-0.010759373
44.06;-0.011624747
44.08;-0.011849681
44.1;-0.011427929
44.12;-0.010637533
44.14;-0.010112686
44.16;-0.009528481
44.18;-0.008597501
44.2;-0.007454084
44.22;-0.006551221
44.24;-0.006404389
44.26;-0.007004214
44.28;-0.00772588
44.3;-0.007644653
44.32;-0.007044828
44.34;-0.006701177
44.36;-0.006576214
44.38;-0.006479367
44.4;-0.006138841
44.42;-0.005629614
44.44;-0.005545263
44.46;-0.006138841
44.48;-0.00686363
44.5;-0.006691805
44.52;-0.005592125
44.54;-0.004433087
44.56;-0.003570837
44.58;-0.003017873
44.6;-0.002736705
44.62;-0.002761697
44.64;-0.003139713
44.66;-0.003808268
44.68;-0.004470576
44.7;-0.004917321
44.72;-0.005482782
44.74;-0.006273177
44.76;-0.006954229
44.78;-0.007132302
44.8;-0.006676185
44.82;-0.00622944
44.84;-0.006166958
44.86;-0.00638252
44.88;-0.0067949
44.9;-0.007435339
44.92;-0.008366319
44.94;-0.00880994
44.96;-0.008216362
44.98;-0.007194784
45;-0.006423133
45.02;-0.0063669
45.04;-0.006969849
45.06;-0.007757121
45.08;-0.007828975
45.1;-0.006907368
45.12;-0.005888914
45.14;-0.005354694
45.16;-0.00535157
45.18;-0.005604621
45.2;-0.005870169
45.22;-0.006241936
45.24;-0.00657309
45.26;-0.006676185
45.28;-0.006448126
45.3;-0.006288797
45.32;-0.006541849
45.34;-0.006913616
45.36;-0.006807397
45.38;-0.005810811
45.4;-0.004608036
45.42;-0.003876998
45.44;-0.003670808
45.46;-0.003670808
45.48;-0.003570837
45.5;-0.003508355
45.52;-0.00366456
45.54;-0.003986341
45.56;-0.004295627
45.58;-0.004348736
45.6;-0.004439335
45.62;-0.004948562
45.64;-0.005788943
45.66;-0.006323162
45.68;-0.006079483
45.7;-0.005479657
45.72;-0.004711131
45.74;-0.003873874
45.76;-0.003295917
45.78;-0.003149085
45.8;-0.003377144
45.82;-0.003770779
45.84;-0.004064444
45.86;-0.004083188
45.88;-0.00413005
45.9;-0.004417466
45.92;-0.004761116
45.94;-0.004867335
45.96;-0.004629904
45.98;-0.004564299
46;-0.005126635
46.02;-0.00617633
46.04;-0.006823017
46.06;-0.006304418
46.08;-0.005251599
46.1;-0.004323743
46.12;-0.003583334
46.14;-0.002964763
46.16;-0.00251177
46.18;-0.00235869
46.2;-0.002521142
46.22;-0.00285542
46.24;-0.003108472
46.26;-0.003311538
46.28;-0.003486487
46.3;-0.003424005
46.32;-0.003242808
46.34;-0.003192822
46.36;-0.003417757
46.38;-0.003852006
46.4;-0.004270634
46.42;-0.004529933
46.44;-0.004661145
46.46;-0.004923569
46.48;-0.00509227
46.5;-0.004839219
46.52;-0.004226897
46.54;-0.003536472
46.56;-0.003186574
46.58;-0.003299041
46.6;-0.003714545
46.62;-0.00400821
46.64;-0.004005086
46.66;-0.004067568
46.68;-0.004326868
46.7;-0.004539306
46.72;-0.004467452
46.74;-0.004423714
46.76;-0.004661145
46.78;-0.004973555
46.8;-0.004951686
46.82;-0.004395598
46.84;-0.003808268
46.86;-0.003548969
46.88;-0.003517728
46.9;-0.003439625
46.92;-0.00332091
46.94;-0.003349027
46.96;-0.003424005
46.98;-0.003520852
47;-0.003689553
47.02;-0.004026955
47.04;-0.004579919
47.06;-0.005117263
47.08;-0.005242226
47.1;-0.00469551
47.12;-0.003980093
47.14;-0.003636443
47.16;-0.00368018
47.18;-0.003780151
47.2;-0.003777027
47.22;-0.003830137
47.24;-0.003883246
47.26;-0.003920736
47.28;-0.004120677
47.3;-0.004658021
47.32;-0.005385935
47.34;-0.005813935
47.36;-0.005751453
47.38;-0.005264095
47.4;-0.004861087
47.42;-0.004907949
47.44;-0.005192241
47.46;-0.005114139
47.48;-0.004370605
47.5;-0.00354272
47.52;-0.003092851
47.54;-0.002971012
47.56;-0.002852296
47.58;-0.002683595
47.6;-0.002552383
47.62;-0.002364938
47.64;-0.002158748
47.66;-0.002055653
47.68;-0.00218374
47.7;-0.00256488
47.72;-0.003108472
47.74;-0.003573961
47.76;-0.003683305
47.78;-0.003636443
47.8;-0.003577085
47.82;-0.003445874
47.84;-0.003139713
47.86;-0.00278669
47.88;-0.002674223
47.9;-0.002817931
47.92;-0.002914778
47.94;-0.002661726
47.96;-0.002255594
47.98;-0.001955682
48;-0.001774484
48.02;-0.001674513
48.04;-0.001674513
48.06;-0.001858835
48.08;-0.002189989
48.1;-0.002514894
48.12;-0.002617989
48.14;-0.002627361
48.16;-0.002764821
48.18;-0.002980384
48.2;-0.003017873
48.22;-0.002767946
48.24;-0.002589872
48.26;-0.002746077
48.28;-0.003211567
48.3;-0.003736414
48.32;-0.004226897
48.34;-0.004583043
48.36;-0.004342488
48.38;-0.003639567
48.4;-0.002980384
48.42;-0.002652354
48.44;-0.00271796
48.46;-0.003027245
48.48;-0.00325218
48.5;-0.003239683
48.52;-0.003202194
48.54;-0.003170953
48.56;-0.003070982
48.58;-0.002877289
48.6;-0.002767946
48.62;-0.003008501
48.64;-0.00364894
48.66;-0.00448932
48.68;-0.005398431
48.7;-0.006338783
48.72;-0.006591834
48.74;-0.005788943
48.76;-0.004601788
48.78;-0.003630195
48.8;-0.003161581
48.82;-0.003139713
48.84;-0.003245932
48.86;-0.003067858
48.88;-0.002674223
48.9;-0.002380558
48.92;-0.002239974
48.94;-0.002127507
48.96;-0.002027536
48.98;-0.002108762
49;-0.002471157
49.02;-0.002952267
49.04;-0.003258428
49.06;-0.00340526
49.08;-0.00354272
49.1;-0.003548969
49.12;-0.003277173
49.14;-0.002802311
49.16;-0.002502398
49.18;-0.002555507
49.2;-0.002871041
49.22;-0.003264676
49.24;-0.003795772
49.26;-0.004417466
49.28;-0.004861087
49.3;-0.00502354
49.32;-0.004804854
49.34;-0.004445583
49.36;-0.004151918
49.38;-0.003880122
49.4;-0.003561465
49.42;-0.00318345
49.44;-0.002911654
49.46;-0.002774194
49.48;-0.002736705
49.5;-0.002836676
49.52;-0.003208443
49.54;-0.003808268
49.56;-0.004401846
49.58;-0.004676766
49.6;-0.004726751
49.62;-0.004823598
49.64;-0.004811102
49.66;-0.00455805
49.68;-0.004033203
49.7;-0.003539596
49.72;-0.003386516
49.74;-0.003489611
49.76;-0.003502107
49.78;-0.003417757
49.8;-0.003533348
49.82;-0.003861378
49.84;-0.004051947
49.86;-0.003898867
49.88;-0.003852006
49.9;-0.00426751
49.92;-0.004979803
49.94;-0.005385935
49.96;-0.005307832
49.98;-0.005154752
50;-0.005020416
