[nm]	norm A
	
350	0.223493568
350.5	0.226066351
351	0.228639133
351.5	0.231211916
352	0.233716994
352.5	0.236492891
353	0.238930264
353.5	0.241706161
354	0.244955992
354.5	0.247664184
355	0.250575491
355.5	0.253351388
356	0.256465809
356.5	0.259512525
357	0.262626947
357.5	0.265605958
358	0.268652674
358.5	0.271767095
359	0.274881517
359.5	0.278266757
360	0.281448883
360.5	0.284834123
361	0.288219364
361.5	0.291333785
362	0.294854435
362.5	0.298239675
363	0.301489506
363.5	0.304942451
364	0.308530806
364.5	0.311916046
365	0.315504401
365.5	0.319025051
366	0.322613406
366.5	0.32647258
367	0.32999323
367.5	0.334190928
368	0.337779282
368.5	0.341570752
369	0.345159106
369.5	0.34915369
370	0.353012864
370.5	0.357481381
371	0.361340555
371.5	0.365741368
372	0.37000677
372.5	0.374136764
373	0.378672986
373.5	0.383209208
374	0.38761002
374.5	0.392620176
375	0.397156398
375.5	0.402098849
376	0.407312119
376.5	0.411848341
377	0.417400135
377.5	0.422477996
378	0.427555856
378.5	0.433107651
379	0.438930264
379.5	0.444346649
380	0.450236967
380.5	0.456262695
381	0.462153013
381.5	0.468517265
382	0.474881517
382.5	0.481381178
383	0.487948544
383.5	0.494515911
384	0.501421801
384.5	0.508192282
385	0.515233582
385.5	0.522207177
386	0.529045362
386.5	0.536425186
387	0.543534191
387.5	0.550507786
388	0.55802302
388.5	0.565132024
389	0.572173324
389.5	0.579214624
390	0.586459039
390.5	0.593500339
391	0.599796886
391.5	0.606770481
392	0.613608666
392.5	0.61943128
393	0.625863236
393.5	0.631821259
394	0.637643873
394.5	0.642992552
395	0.648070413
395.5	0.652945159
396	0.657481381
396.5	0.66154367
397	0.665199729
397.5	0.668652674
398	0.671360867
398.5	0.673730535
399	0.67549086
399.5	0.676709546
400	0.67731889
400.5	0.677792823
401	0.677657414
401.5	0.676506432
402	0.675693974
402.5	0.674001354
403	0.672037915
403.5	0.669397427
404	0.666418416
404.5	0.663033175
405	0.659106297
405.5	0.655111713
406	0.6507109
406.5	0.646039269
407	0.641232227
407.5	0.635951253
408	0.630670278
408.5	0.625118483
409	0.619566689
409.5	0.613744076
410	0.608192282
410.5	0.602234259
411	0.596208531
411.5	0.590318213
412	0.584292485
412.5	0.578199052
413	0.572308734
413.5	0.566147596
414	0.560324983
414.5	0.55436696
415	0.548341232
415.5	0.5422478
416	0.536560596
416.5	0.530602573
417	0.52464455
417.5	0.518889641
418	0.512999323
418.5	0.5070413
419	0.501354096
419.5	0.495463778
420	0.489708869
420.5	0.484157075
421	0.478402167
421.5	0.472579553
422	0.467230873
422.5	0.461679079
423	0.456127285
423.5	0.4507109
424	0.445294516
424.5	0.440013541
425	0.434800271
425.5	0.42972241
426	0.424712255
426.5	0.419634394
427	0.414827353
427.5	0.410291131
428	0.405619499
428.5	0.401015572
429	0.396682464
429.5	0.392417062
430	0.388219364
430.5	0.38408937
431	0.380297901
431.5	0.376438727
432	0.372782668
432.5	0.369194313
433	0.365741368
433.5	0.362423832
434	0.359241706
434.5	0.35605958
435	0.353148274
435.5	0.350169262
436	0.34732566
436.5	0.344617468
437	0.342044685
437.5	0.339471903
438	0.337169939
438.5	0.334800271
439	0.332701422
439.5	0.330534868
440	0.328436019
440.5	0.326607989
441	0.324779959
441.5	0.32295193
442	0.321259309
442.5	0.319566689
443	0.317874069
443.5	0.316384563
444	0.314895058
444.5	0.313405552
445	0.311983751
445.5	0.31056195
446	0.309140149
446.5	0.307853758
447	0.306431957
447.5	0.305077861
448	0.303723764
448.5	0.302437373
449	0.301083277
449.5	0.299729181
450	0.298375085
450.5	0.297020988
451	0.295666892
451.5	0.294312796
452	0.292890995
452.5	0.291604604
453	0.290250508
453.5	0.289031821
454	0.28761002
454.5	0.286391334
455	0.285240352
455.5	0.284021666
456	0.282870684
456.5	0.281584292
457	0.280636425
457.5	0.279553148
458	0.278672986
458.5	0.277725118
459	0.276844956
459.5	0.276032498
460	0.275287745
460.5	0.274542993
461	0.273865944
461.5	0.273324306
462	0.272782668
462.5	0.272308734
463	0.2718348
463.5	0.271428571
464	0.271090047
464.5	0.270886933
465	0.270548409
465.5	0.27027759
466	0.270074475
466.5	0.269939066
467	0.269803656
467.5	0.269803656
468	0.269735951
468.5	0.269668246
469	0.269735951
469.5	0.269668246
470	0.269939066
470.5	0.270074475
471	0.27014218
471.5	0.27027759
472	0.270480704
472.5	0.270616114
473	0.270751523
473.5	0.271022343
474	0.271225457
474.5	0.271428571
475	0.271699391
475.5	0.271902505
476	0.272173324
476.5	0.272444144
477	0.272714963
477.5	0.272985782
478	0.273324306
478.5	0.273595125
479	0.273865944
479.5	0.274136764
480	0.274475288
480.5	0.274813812
481	0.275152336
481.5	0.275423155
482	0.275761679
482.5	0.276032498
483	0.276371022
483.5	0.276709546
484	0.27704807
484.5	0.277386594
485	0.277792823
485.5	0.278131347
486	0.278469871
486.5	0.278808395
487	0.279146919
487.5	0.279553148
488	0.279891672
488.5	0.280297901
489	0.28070413
489.5	0.281110359
490	0.281516588
490.5	0.281922817
491	0.282329045
491.5	0.282802979
492	0.283209208
492.5	0.283750846
493	0.284292485
493.5	0.284766418
494	0.285308057
494.5	0.285849695
495	0.286459039
495.5	0.287068382
496	0.287677725
496.5	0.288287068
497	0.288964116
497.5	0.289641165
498	0.290318213
498.5	0.291062965
499	0.291807718
499.5	0.292687881
500	0.293500339
500.5	0.294312796
501	0.295328368
501.5	0.296208531
502	0.297291808
502.5	0.29830738
503	0.299458362
503.5	0.300609343
504	0.301760325
504.5	0.302979012
505	0.304265403
505.5	0.305551794
506	0.306838186
506.5	0.308192282
507	0.309614083
507.5	0.311035884
508	0.312457684
508.5	0.313879485
509	0.315368991
509.5	0.316790792
510	0.318280298
510.5	0.319837508
511	0.321394719
511.5	0.32295193
512	0.324576845
512.5	0.32620176
513	0.327894381
513.5	0.329587001
514	0.331347326
514.5	0.333175355
515	0.33507109
515.5	0.337034529
516	0.338997969
516.5	0.340961408
517	0.343060257
517.5	0.345159106
518	0.34732566
518.5	0.349492214
519	0.351794177
519.5	0.354096141
520	0.356465809
520.5	0.358835477
521	0.36127285
521.5	0.363777928
522	0.366350711
522.5	0.368855789
523	0.371496276
523.5	0.374136764
524	0.376777251
524.5	0.379485443
525	0.382193636
525.5	0.385037238
526	0.387813135
526.5	0.390656737
527	0.393568043
527.5	0.39647935
528	0.399390657
528.5	0.402369668
529	0.40534868
529.5	0.408395396
530	0.411442112
530.5	0.414488829
531	0.41760325
531.5	0.420717671
532	0.423899797
532.5	0.427081923
533	0.430399458
533.5	0.433649289
534	0.436966825
534.5	0.44041977
535	0.44380501
535.5	0.447257955
536	0.4507109
536.5	0.45423155
537	0.4577522
537.5	0.461340555
538	0.46492891
538.5	0.46858497
539	0.472241029
539.5	0.475964794
540	0.479688558
540.5	0.483480027
541	0.487339201
541.5	0.49113067
542	0.495057549
542.5	0.498916723
543	0.502911307
543.5	0.506838186
544	0.510832769
544.5	0.514827353
545	0.518821936
545.5	0.52281652
546	0.526946513
546.5	0.531008802
547	0.5352065
547.5	0.539404198
548	0.543669601
548.5	0.547935003
549	0.552200406
549.5	0.556533514
550	0.560866622
550.5	0.565199729
551	0.569600542
551.5	0.573933649
552	0.578402167
552.5	0.582802979
553	0.587203791
553.5	0.591672309
554	0.596140826
554.5	0.600677048
555	0.60521327
555.5	0.609817197
556	0.614353419
556.5	0.618889641
557	0.623493568
557.5	0.62802979
558	0.632566012
558.5	0.637169939
559	0.641706161
559.5	0.646310088
560	0.650914015
560.5	0.655517942
561	0.660121869
561.5	0.664658091
562	0.669329722
562.5	0.674001354
563	0.678605281
563.5	0.683276913
564	0.687813135
564.5	0.692484766
565	0.697088693
565.5	0.701557211
566	0.706228842
566.5	0.710832769
567	0.715368991
567.5	0.719837508
568	0.724373731
568.5	0.728909953
569	0.733446175
569.5	0.737914692
570	0.742383209
570.5	0.746919431
571	0.751252539
571.5	0.755517942
572	0.759918754
572.5	0.764251862
573	0.76844956
573.5	0.772714963
574	0.776844956
574.5	0.781042654
575	0.785172647
575.5	0.789370345
576	0.793432634
576.5	0.797562627
577	0.801557211
577.5	0.805619499
578	0.809681787
578.5	0.813676371
579	0.81746784
579.5	0.821394719
580	0.825186188
580.5	0.828774543
581	0.832633717
581.5	0.836289777
582	0.839810427
582.5	0.843669601
583	0.847054841
583.5	0.850507786
584	0.854096141
584.5	0.857549086
585	0.860798917
585.5	0.864048747
586	0.867433988
586.5	0.870480704
587	0.87366283
587.5	0.876777251
588	0.879823968
588.5	0.882735274
589	0.885781991
589.5	0.888828707
590	0.891604604
590.5	0.894312796
591	0.897088693
591.5	0.899932295
592	0.902572783
592.5	0.905280975
593	0.907853758
593.5	0.91042654
594	0.912999323
594.5	0.915233582
595	0.91760325
595.5	0.920108328
596	0.922410291
596.5	0.924779959
597	0.927081923
597.5	0.929180772
598	0.931076506
598.5	0.93324306
599	0.935341909
599.5	0.937305349
600	0.939201083
600.5	0.941164523
601	0.942924848
601.5	0.944752877
602	0.946513202
602.5	0.948408937
603	0.950101557
603.5	0.951591063
604	0.953351388
604.5	0.954908599
605	0.956465809
605.5	0.95802302
606	0.959647935
606.5	0.961069736
607	0.962423832
607.5	0.963777928
608	0.965199729
608.5	0.966350711
609	0.967704807
609.5	0.969058903
610	0.97014218
610.5	0.971360867
611	0.972444144
611.5	0.97366283
612	0.974678402
612.5	0.975626269
613	0.976709546
613.5	0.977589709
614	0.978740691
614.5	0.979688558
615	0.980433311
615.5	0.981516588
616	0.982329045
616.5	0.983209208
617	0.983953961
617.5	0.984698714
618	0.985578876
618.5	0.986323629
619	0.986865267
619.5	0.987677725
620	0.988354773
620.5	0.988964116
621	0.989505755
621.5	0.990318213
622	0.990792146
622.5	0.991469194
623	0.991875423
623.5	0.992417062
624	0.993026405
624.5	0.993500339
625	0.993838863
625.5	0.994515911
626	0.99478673
626.5	0.995260664
627	0.995463778
627.5	0.995937712
628	0.996208531
628.5	0.996411645
629	0.996953284
629.5	0.997156398
630	0.997494922
630.5	0.997833446
631	0.997968856
631.5	0.998104265
632	0.998510494
632.5	0.998645904
633	0.998849018
633.5	0.999052133
634	0.999187542
634.5	0.999390657
635	0.999458362
635.5	0.999458362
636	0.999526066
636.5	0.999661476
637	0.999796886
637.5	0.999932295
638	0.999932295
638.5	1
639	1
639.5	0.999932295
640	0.999932295
640.5	0.99986459
641	0.999729181
641.5	0.999661476
642	0.999593771
642.5	0.999593771
643	0.999458362
643.5	0.999526066
644	0.999255247
644.5	0.998916723
645	0.998916723
645.5	0.998645904
646	0.998578199
646.5	0.998375085
647	0.998104265
647.5	0.997833446
648	0.997630332
648.5	0.997291808
649	0.997020988
649.5	0.99661476
650	0.99634394
650.5	0.996140826
651	0.995734597
651.5	0.995396073
652	0.995125254
652.5	0.994583615
653	0.994177387
653.5	0.993771158
654	0.993297224
654.5	0.992890995
655	0.992417062
655.5	0.991943128
656	0.991333785
656.5	0.990792146
657	0.990385917
657.5	0.989844279
658	0.98930264
658.5	0.988625592
659	0.988083954
659.5	0.987474611
660	0.986932972
660.5	0.98605281
661	0.985511171
661.5	0.984834123
662	0.984157075
662.5	0.983547732
663	0.982599865
663.5	0.981922817
664	0.981178064
664.5	0.980365606
665	0.979620853
665.5	0.978808395
666	0.977860528
666.5	0.976912661
667	0.976100203
667.5	0.975152336
668	0.974339878
668.5	0.973256601
669	0.972308734
669.5	0.971225457
670	0.970209885
670.5	0.969262018
671	0.968178741
671.5	0.967163169
672	0.966147596
672.5	0.96492891
673	0.963913338
673.5	0.962694651
674	0.96154367
674.5	0.960257278
675	0.959106297
675.5	0.9577522
676	0.956601219
676.5	0.955179418
677	0.953893026
677.5	0.952471225
678	0.951117129
678.5	0.949830738
679	0.948408937
679.5	0.946919431
680	0.945294516
680.5	0.94394042
681	0.942315504
681.5	0.940758294
682	0.939268788
682.5	0.937508463
683	0.935951253
683.5	0.934394042
684	0.932498307
684.5	0.930873392
685	0.929113067
685.5	0.927285037
686	0.925660122
686.5	0.923764387
687	0.921868653
687.5	0.920040623
688	0.918144888
688.5	0.916249154
689	0.914285714
689.5	0.91225457
690	0.910155721
690.5	0.908259986
691	0.906161137
691.5	0.904129993
692	0.901895735
692.5	0.899796886
693	0.897630332
693.5	0.895463778
694	0.893229519
694.5	0.890927556
695	0.888557888
695.5	0.886188219
696	0.883818551
696.5	0.881448883
697	0.878943805
697.5	0.876506432
698	0.874069059
698.5	0.871563981
699	0.869126608
699.5	0.86662153
700	0.864522681
700.5	0.861475965
701	0.858903182
701.5	0.856127285
702	0.853419093
702.5	0.850778605
703	0.848070413
703.5	0.845226811
704	0.842518619
704.5	0.839607312
705	0.83676371
705.5	0.833987813
706	0.831008802
706.5	0.8281652
707	0.825253893
707.5	0.822274882
708	0.81929587
708.5	0.816249154
709	0.813270142
709.5	0.809952607
710	0.806973595
710.5	0.803859174
711	0.800609343
711.5	0.797494922
712	0.794245091
712.5	0.791062965
713	0.787813135
713.5	0.784631009
714	0.781381178
714.5	0.777995938
715	0.774746107
715.5	0.771428571
716	0.768043331
716.5	0.764590386
717	0.761205146
717.5	0.757684496
718	0.75423155
718.5	0.750778605
719	0.74732566
719.5	0.743737305
720	0.740216655
720.5	0.736560596
721	0.732972241
721.5	0.729316181
722	0.725660122
722.5	0.721936357
723	0.718280298
723.5	0.714624238
724	0.710832769
724.5	0.70717671
725	0.70338524
725.5	0.699593771
726	0.695870007
726.5	0.692078538
727	0.688422478
727.5	0.684631009
728	0.680907244
728.5	0.677115775
729	0.673324306
729.5	0.669532837
730	0.665673663
730.5	0.661814489
731	0.657955315
731.5	0.654163846
732	0.650372376
732.5	0.646445498
733	0.642586324
733.5	0.638794854
734	0.634867976
734.5	0.631008802
735	0.627149628
735.5	0.623222749
736	0.619228165
736.5	0.615301286
737	0.611374408
737.5	0.607447529
738	0.60352065
738.5	0.599526066
739	0.595531483
739.5	0.591604604
740	0.58774543
740.5	0.583818551
741	0.579891672
741.5	0.576100203
742	0.572241029
742.5	0.568381855
743	0.564454976
743.5	0.560595802
744	0.556668923
744.5	0.552742045
745	0.548882871
745.5	0.544955992
746	0.541096818
746.5	0.537237644
747	0.53337847
747.5	0.529587001
748	0.525727827
748.5	0.521936357
749	0.518009479
749.5	0.514150305
750	0.510291131
750.5	0.506431957
751	0.502505078
751.5	0.498645904
752	0.494854435
752.5	0.490927556
753	0.487136087
753.5	0.483276913
754	0.479485443
754.5	0.475693974
755	0.47197021
755.5	0.468178741
756	0.464454976
756.5	0.460798917
757	0.457007448
757.5	0.453283683
758	0.449627624
758.5	0.445971564
759	0.4422478
759.5	0.43859174
760	0.43493568
760.5	0.431279621
761	0.427691266
761.5	0.424102911
762	0.420514557
762.5	0.416926202
763	0.413337847
763.5	0.409749492
764	0.406093433
764.5	0.402505078
765	0.398916723
765.5	0.395396073
766	0.391807718
766.5	0.388287068
767	0.384766418
767.5	0.381245768
768	0.377792823
768.5	0.374407583
769	0.370954638
769.5	0.367637102
770	0.364251862
770.5	0.360866622
771	0.357549086
771.5	0.35423155
772	0.35084631
772.5	0.347596479
773	0.344346649
773.5	0.341029113
774	0.337846987
774.5	0.334597156
775	0.331482735
775.5	0.328300609
776	0.325118483
776.5	0.321936357
777	0.318821936
777.5	0.315707515
778	0.312525389
778.5	0.309478673
779	0.306364252
779.5	0.303317536
780	0.300203114
780.5	0.297156398
781	0.294177387
781.5	0.291198375
782	0.288219364
782.5	0.285308057
783	0.282464455
783.5	0.279620853
784	0.276777251
784.5	0.274001354
785	0.271157752
785.5	0.268381855
786	0.265605958
786.5	0.262830061
787	0.260054164
787.5	0.257413676
788	0.254773189
788.5	0.252132701
789	0.249492214
789.5	0.246919431
790	0.244346649
790.5	0.241773866
791	0.239201083
791.5	0.236696005
792	0.234123223
792.5	0.231618145
793	0.229180772
793.5	0.226743399
794	0.224238321
794.5	0.221800948
795	0.21943128
795.5	0.217061611
796	0.214759648
796.5	0.212457684
797	0.210155721
797.5	0.207921462
798	0.205754909
798.5	0.203588355
799	0.201354096
799.5	0.199187542
800	0.197088693
800.5	0.194922139
801	0.19282329
801.5	0.190792146
802	0.188761002
802.5	0.186729858
803	0.184766418
803.5	0.182802979
804	0.18083954
804.5	0.178943805
805	0.176980366
805.5	0.175084631
806	0.173188896
806.5	0.171293162
807	0.169465132
807.5	0.167637102
808	0.165809072
808.5	0.164048747
809	0.162288422
809.5	0.160528097
810	0.158835477
810.5	0.157142857
811	0.155450237
811.5	0.153893026
812	0.152268111
812.5	0.150643196
813	0.149085985
813.5	0.147528775
814	0.145971564
814.5	0.144482058
815	0.142924848
815.5	0.141435342
816	0.140013541
816.5	0.138524035
817	0.137169939
817.5	0.135680433
818	0.134326337
818.5	0.132972241
819	0.131618145
819.5	0.130264049
820	0.128909953
820.5	0.127623561
821	0.126269465
821.5	0.124983074
822	0.123696682
822.5	0.122410291
823	0.121191605
823.5	0.119972918
824	0.118754232
824.5	0.11760325
825	0.116452268
825.5	0.115368991
826	0.114218009
826.5	0.113134733
827	0.112051456
827.5	0.110968179
828	0.109884902
828.5	0.108801625
829	0.107786053
829.5	0.106838186
830	0.105822613
830.5	0.104807041
831	0.103859174
831.5	0.102911307
832	0.101963439
832.5	0.101015572
833	0.100067705
833.5	0.099187542
834	0.098239675
834.5	0.097359513
835	0.096411645
835.5	0.095531483
836	0.09465132
836.5	0.093771158
837	0.092890995
837.5	0.092010833
838	0.091198375
838.5	0.090385917
839	0.08957346
839.5	0.088761002
840	0.087948544
840.5	0.087203791
841	0.086391334
841.5	0.085646581
842	0.084901828
842.5	0.084157075
843	0.083412322
843.5	0.082667569
844	0.081990521
844.5	0.081245768
845	0.08056872
845.5	0.079891672
846	0.079214624
846.5	0.078537576
847	0.077860528
847.5	0.07718348
848	0.076574137
848.5	0.075897089
849	0.075287745
849.5	0.074610697
850	0.074001354
