[nm]	norm A
	
350	0.451674037
350.5	0.454832596
351	0.457359444
351.5	0.45925458
352	0.461149716
352.5	0.463676563
353	0.465571699
353.5	0.468098547
354	0.470625395
354.5	0.473152243
355	0.476942514
355.5	0.478205938
356	0.480732786
356.5	0.483891346
357	0.487681617
357.5	0.488945041
358	0.491471889
358.5	0.493998737
359	0.497789008
359.5	0.500947568
360	0.50473784
360.5	0.507896399
361	0.510423247
361.5	0.514213519
362	0.515476943
362.5	0.519898926
363	0.521794062
363.5	0.525584334
364	0.528111181
364.5	0.531901453
365	0.535060013
365.5	0.536955148
366	0.538218572
366.5	0.543272268
367	0.545799116
367.5	0.549589387
368	0.552116235
368.5	0.555906507
369	0.558433354
369.5	0.561591914
370	0.56348705
370.5	0.567277322
371	0.571699305
371.5	0.574857865
372	0.576753001
372.5	0.581174984
373	0.58307012
373.5	0.585596968
374	0.590018951
374.5	0.593177511
375	0.597599495
375.5	0.59949463
376	0.604548326
376.5	0.605180038
377	0.60897031
377.5	0.612760581
378	0.616550853
378.5	0.619709413
379	0.623499684
379.5	0.626658244
380	0.631080227
380.5	0.633607075
381	0.636133923
381.5	0.639924195
382	0.643714466
382.5	0.647504738
383	0.651295009
383.5	0.653821857
384	0.658243841
384.5	0.662034112
385	0.66456096
385.5	0.668351232
386	0.672773215
386.5	0.675931775
387	0.679090335
387.5	0.682880606
388	0.68730259
388.5	0.691092862
389	0.694251421
389.5	0.697409981
390	0.701200253
390.5	0.704358812
391	0.708149084
391.5	0.711307644
392	0.715729627
392.5	0.718256475
393	0.723310171
393.5	0.725205306
394	0.72962729
394.5	0.733417562
395	0.736576121
395.5	0.740366393
396	0.744156665
396.5	0.747315224
397	0.751105496
397.5	0.755527479
398	0.758686039
398.5	0.761212887
399	0.764371447
399.5	0.76879343
400	0.771320278
400.5	0.77511055
401	0.778269109
401.5	0.780164245
402	0.784586229
402.5	0.787744788
403	0.790271636
403.5	0.793430196
404	0.795957044
404.5	0.799747315
405	0.802274163
405.5	0.804801011
406	0.807327858
406.5	0.810486418
407	0.813013266
407.5	0.814908402
408	0.818066961
408.5	0.819962097
409	0.823120657
409.5	0.825015793
410	0.827542641
410.5	0.829437776
411	0.832596336
411.5	0.83385976
412	0.835123184
412.5	0.837650032
413	0.840176879
413.5	0.842703727
414	0.843967151
414.5	0.845230575
415	0.847125711
415.5	0.849020846
416	0.850915982
416.5	0.852179406
417	0.85344283
417.5	0.855337966
418	0.85660139
418.5	0.858496526
419	0.859759949
419.5	0.860391661
420	0.862286797
420.5	0.864181933
421	0.865445357
421.5	0.866077069
422	0.867340493
422.5	0.868603917
423	0.869235629
423.5	0.871130764
424	0.872394188
424.5	0.873657612
425	0.874921036
425.5	0.875552748
426	0.876816172
426.5	0.877447884
427	0.878711308
427.5	0.87934302
428	0.881238155
428.5	0.881238155
429	0.883133291
429.5	0.883765003
430	0.885028427
430.5	0.885028427
431	0.886291851
431.5	0.887555275
432	0.888186987
432.5	0.888818699
433	0.890082123
433.5	0.890713834
434	0.890713834
434.5	0.891977258
435	0.89260897
435.5	0.893872394
436	0.894504106
436.5	0.894504106
437	0.89576753
437.5	0.897030954
438	0.897030954
438.5	0.897662666
439	0.897662666
439.5	0.89892609
440	0.899557802
440.5	0.900821226
441	0.900189514
441.5	0.901452937
442	0.900821226
442.5	0.901452937
443	0.902084649
443.5	0.902716361
444	0.902716361
444.5	0.903348073
445	0.903348073
445.5	0.903979785
446	0.903979785
446.5	0.903979785
447	0.904611497
447.5	0.903979785
448	0.905243209
448.5	0.905243209
449	0.905243209
449.5	0.905243209
450	0.904611497
450.5	0.905243209
451	0.905243209
451.5	0.905243209
452	0.904611497
452.5	0.905243209
453	0.905874921
453.5	0.905243209
454	0.905243209
454.5	0.905243209
455	0.904611497
455.5	0.904611497
456	0.903979785
456.5	0.904611497
457	0.905243209
457.5	0.903979785
458	0.903979785
458.5	0.903348073
459	0.903348073
459.5	0.903348073
460	0.903348073
460.5	0.902716361
461	0.902716361
461.5	0.902716361
462	0.902084649
462.5	0.902716361
463	0.901452937
463.5	0.901452937
464	0.901452937
464.5	0.900821226
465	0.901452937
465.5	0.900821226
466	0.900189514
466.5	0.900189514
467	0.900189514
467.5	0.900189514
468	0.899557802
468.5	0.899557802
469	0.899557802
469.5	0.89892609
470	0.897662666
470.5	0.898294378
471	0.898294378
471.5	0.898294378
472	0.897662666
472.5	0.898294378
473	0.897662666
473.5	0.897662666
474	0.897662666
474.5	0.898294378
475	0.898294378
475.5	0.898294378
476	0.898294378
476.5	0.898294378
477	0.898294378
477.5	0.898294378
478	0.89892609
478.5	0.89892609
479	0.899557802
479.5	0.899557802
480	0.899557802
480.5	0.900189514
481	0.900189514
481.5	0.900821226
482	0.901452937
482.5	0.901452937
483	0.902084649
483.5	0.902716361
484	0.903348073
484.5	0.903348073
485	0.903979785
485.5	0.904611497
486	0.904611497
486.5	0.905243209
487	0.905874921
487.5	0.906506633
488	0.907138345
488.5	0.907770057
489	0.908401769
489.5	0.909033481
490	0.909665193
490.5	0.910296905
491	0.910928617
491.5	0.91219204
492	0.912823752
492.5	0.914087176
493	0.914087176
493.5	0.9153506
494	0.915982312
494.5	0.916614024
495	0.917877448
495.5	0.91850916
496	0.919772584
496.5	0.920404296
497	0.92166772
497.5	0.922299431
498	0.923562855
498.5	0.924194567
499	0.925457991
499.5	0.926089703
500	0.927353127
500.5	0.928616551
501	0.929879975
501.5	0.931143399
502	0.932406822
502.5	0.933038534
503	0.93493367
503.5	0.936197094
504	0.937460518
504.5	0.938723942
505	0.939987366
505.5	0.941882502
506	0.943145925
506.5	0.944409349
507	0.945672773
507.5	0.946936197
508	0.948199621
508.5	0.949463045
509	0.950726469
509.5	0.951989893
510	0.952621605
510.5	0.953885028
511	0.955148452
511.5	0.956411876
512	0.957043588
512.5	0.958307012
513	0.959570436
513.5	0.96083386
514	0.961465572
514.5	0.962728996
515	0.963360708
515.5	0.964624131
516	0.965887555
516.5	0.966519267
517	0.967782691
517.5	0.969046115
518	0.970309539
518.5	0.970941251
519	0.972204675
519.5	0.973468099
520	0.974731522
520.5	0.975994946
521	0.976626658
521.5	0.977890082
522	0.979153506
522.5	0.98041693
523	0.981680354
523.5	0.982312066
524	0.98357549
524.5	0.984838913
525	0.985470625
525.5	0.986102337
526	0.987365761
526.5	0.987997473
527	0.989260897
527.5	0.989892609
528	0.990524321
528.5	0.991156033
529	0.991787745
529.5	0.993051169
530	0.993682881
530.5	0.994314593
531	0.994946304
531.5	0.994946304
532	0.995578016
532.5	0.996209728
533	0.99684144
533.5	0.99684144
534	0.997473152
534.5	0.998104864
535	0.998104864
535.5	0.998736576
536	0.998736576
536.5	0.999368288
537	0.999368288
537.5	0.999368288
538	0.999368288
538.5	0.999368288
539	1
539.5	1
540	1
540.5	1
541	1
541.5	1
542	1
542.5	1
543	0.999368288
543.5	0.999368288
544	0.998736576
544.5	0.998736576
545	0.998736576
545.5	0.998104864
546	0.998104864
546.5	0.998104864
547	0.997473152
547.5	0.99684144
548	0.996209728
548.5	0.995578016
549	0.994946304
549.5	0.994946304
550	0.993682881
550.5	0.993051169
551	0.993051169
551.5	0.991787745
552	0.991156033
552.5	0.990524321
553	0.989260897
553.5	0.988629185
554	0.987997473
554.5	0.987365761
555	0.986102337
555.5	0.985470625
556	0.984207202
556.5	0.98357549
557	0.982312066
557.5	0.981048642
558	0.979785218
558.5	0.979153506
559	0.977890082
559.5	0.976626658
560	0.975363234
560.5	0.973468099
561	0.972836387
561.5	0.970941251
562	0.969677827
562.5	0.968414403
563	0.966519267
563.5	0.965255843
564	0.963360708
564.5	0.962097284
565	0.96083386
565.5	0.958938724
566	0.957043588
566.5	0.955148452
567	0.953885028
567.5	0.951989893
568	0.950094757
568.5	0.948199621
569	0.945672773
569.5	0.943777637
570	0.941882502
570.5	0.939987366
571	0.93809223
571.5	0.935565382
572	0.934301958
572.5	0.931775111
573	0.929879975
573.5	0.927353127
574	0.925457991
574.5	0.922931143
575	0.921036008
575.5	0.91850916
576	0.915982312
576.5	0.913455464
577	0.910928617
577.5	0.908401769
578	0.905874921
578.5	0.903348073
579	0.901452937
579.5	0.898294378
580	0.896399242
580.5	0.893872394
581	0.890713834
581.5	0.888186987
582	0.885660139
582.5	0.882501579
583	0.879974732
583.5	0.877447884
584	0.874289324
584.5	0.871130764
585	0.868603917
585.5	0.865445357
586	0.862918509
586.5	0.859759949
587	0.85660139
587.5	0.854074542
588	0.850915982
588.5	0.847757423
589	0.844598863
589.5	0.842072015
590	0.838913455
590.5	0.835754896
591	0.832596336
591.5	0.829437776
592	0.826279217
592.5	0.823120657
593	0.819962097
593.5	0.816171826
594	0.813013266
594.5	0.809854706
595	0.806696147
595.5	0.803537587
596	0.800379027
596.5	0.796588756
597	0.793430196
597.5	0.790271636
598	0.787113076
598.5	0.783322805
599	0.780164245
599.5	0.776373973
600	0.773215414
600.5	0.769425142
601	0.766266582
601.5	0.763108023
602	0.759317751
602.5	0.756159191
603	0.75236892
603.5	0.74921036
604	0.745420088
604.5	0.742261529
605	0.738471257
605.5	0.735312697
606	0.731522426
606.5	0.727732154
607	0.724573594
607.5	0.720783323
608	0.716993051
608.5	0.713834491
609	0.71004422
609.5	0.70688566
610	0.703095389
610.5	0.699305117
611	0.696146557
611.5	0.692356286
612	0.688566014
612.5	0.685407454
613	0.681617183
613.5	0.677826911
614	0.674668351
614.5	0.67087808
615	0.66771952
615.5	0.663929248
616	0.660138977
616.5	0.656980417
617	0.653190145
617.5	0.649399874
618	0.646241314
618.5	0.642451042
619	0.639292483
619.5	0.635502211
620	0.632343651
620.5	0.62855338
621	0.624763108
621.5	0.621604548
622	0.617814277
622.5	0.614024005
623	0.610865445
623.5	0.607075174
624	0.603284902
624.5	0.600126342
625	0.596336071
625.5	0.592545799
626	0.589387239
626.5	0.585596968
627	0.582438408
627.5	0.578648136
628	0.575489577
628.5	0.571699305
629	0.568540745
629.5	0.565382186
630	0.561591914
630.5	0.558433354
631	0.554643083
631.5	0.551484523
632	0.548325963
632.5	0.545167404
633	0.542008844
633.5	0.538850284
634	0.535691725
634.5	0.531901453
635	0.529374605
635.5	0.525584334
636	0.522425774
636.5	0.519267214
637	0.516108654
637.5	0.512950095
638	0.509791535
638.5	0.506632975
639	0.503474416
639.5	0.500315856
640	0.497157296
640.5	0.493998737
641	0.490840177
641.5	0.487681617
642	0.484523057
642.5	0.481364498
643	0.478205938
643.5	0.47567909
644	0.472520531
644.5	0.469361971
645	0.466203411
645.5	0.463676563
646	0.460518004
646.5	0.457359444
647	0.454832596
647.5	0.451674037
648	0.448515477
648.5	0.445988629
649	0.443461781
649.5	0.440303222
650	0.437776374
650.5	0.434617814
651	0.432090967
651.5	0.429564119
652	0.426405559
652.5	0.423246999
653	0.420720152
653.5	0.418193304
654	0.415034744
654.5	0.412507896
655	0.409981049
655.5	0.406822489
656	0.404295641
656.5	0.401768793
657	0.399241946
657.5	0.396715098
658	0.39418825
658.5	0.391661402
659	0.389134555
659.5	0.386607707
660	0.384080859
660.5	0.381554011
661	0.379027164
661.5	0.377132028
662	0.373973468
662.5	0.37144662
663	0.368919773
663.5	0.367024637
664	0.364497789
664.5	0.361970941
665	0.359444093
665.5	0.357548958
666	0.35502211
666.5	0.352495262
667	0.349968414
667.5	0.348073279
668	0.345546431
668.5	0.343019583
669	0.341124447
669.5	0.338597599
670	0.336702464
670.5	0.334175616
671	0.331648768
671.5	0.329753632
672	0.327858497
672.5	0.325331649
673	0.323436513
673.5	0.320909665
674	0.319014529
674.5	0.317119394
675	0.315224258
675.5	0.31269741
676	0.310802274
676.5	0.308907138
677	0.307012003
677.5	0.304485155
678	0.302590019
678.5	0.300694883
679	0.298799747
679.5	0.296904611
680	0.295009476
680.5	0.29311434
681	0.291219204
681.5	0.289324068
682	0.287428932
682.5	0.285533797
683	0.283638661
683.5	0.281743525
684	0.279848389
684.5	0.277953253
685	0.276058117
685.5	0.274162982
686	0.272267846
686.5	0.271004422
687	0.269109286
687.5	0.26721415
688	0.265319015
688.5	0.263423879
689	0.262160455
689.5	0.260265319
690	0.258370183
690.5	0.256475047
691	0.255211623
691.5	0.253316488
692	0.252053064
692.5	0.250157928
693	0.248262792
693.5	0.246999368
694	0.245104232
694.5	0.243840809
695	0.241945673
695.5	0.240682249
696	0.239418825
696.5	0.237523689
697	0.236260265
697.5	0.23436513
698	0.233101706
698.5	0.23120657
699	0.229943146
699.5	0.228679722
700	0.226784586
700.5	0.225521162
701	0.224257738
701.5	0.222994315
702	0.221099179
702.5	0.219835755
703	0.218572331
703.5	0.217308907
704	0.216045483
704.5	0.214782059
705	0.212886924
705.5	0.2116235
706	0.210360076
706.5	0.209096652
707	0.207833228
707.5	0.206569804
708	0.20530638
708.5	0.204042956
709	0.202779533
709.5	0.201516109
710	0.200252685
710.5	0.198989261
711	0.197725837
711.5	0.195830701
712	0.195198989
712.5	0.193935565
713	0.192672142
713.5	0.191408718
714	0.190145294
714.5	0.189513582
715	0.188250158
715.5	0.186986734
716	0.18572331
716.5	0.185091598
717	0.183828174
717.5	0.18256475
718	0.181933039
718.5	0.180669615
719	0.179406191
719.5	0.178774479
720	0.177511055
720.5	0.176879343
721	0.176247631
721.5	0.174984207
722	0.174352495
722.5	0.173089071
723	0.171825648
723.5	0.171193936
724	0.169930512
724.5	0.1692988
725	0.168035376
725.5	0.166771952
726	0.16614024
726.5	0.165508528
727	0.164245104
727.5	0.163613392
728	0.16298168
728.5	0.161718256
729	0.161086545
729.5	0.159823121
730	0.159191409
730.5	0.157927985
731	0.156664561
731.5	0.155401137
732	0.154137713
732.5	0.152874289
733	0.151610865
733.5	0.150347442
734	0.149084018
734.5	0.147820594
735	0.14655717
735.5	0.145293746
736	0.144030322
736.5	0.142766898
737	0.141503474
737.5	0.140871762
738	0.139608339
738.5	0.138344915
739	0.137713203
739.5	0.136449779
740	0.135818067
740.5	0.135186355
741	0.134554643
741.5	0.133922931
742	0.133922931
742.5	0.133291219
743	0.133291219
743.5	0.133291219
744	0.132659507
744.5	0.132659507
745	0.132659507
745.5	0.132659507
746	0.132659507
746.5	0.132027795
747	0.132027795
747.5	0.131396083
748	0.130764371
748.5	0.130764371
749	0.13013266
749.5	0.129500948
750	0.128869236
750.5	0.128237524
751	0.127605812
751.5	0.127605812
752	0.1269741
752.5	0.126342388
753	0.125710676
753.5	0.125078964
754	0.124447252
754.5	0.12381554
755	0.123183828
755.5	0.123183828
756	0.122552116
756.5	0.121920404
757	0.121288692
757.5	0.121288692
758	0.12065698
758.5	0.120025268
759	0.119393557
759.5	0.118761845
760	0.118761845
760.5	0.118130133
761	0.117498421
761.5	0.116866709
762	0.116234997
762.5	0.116234997
763	0.115603285
763.5	0.114971573
764	0.114971573
764.5	0.114339861
765	0.113708149
765.5	0.113076437
766	0.113076437
766.5	0.112444725
767	0.111813013
767.5	0.111181301
768	0.110549589
768.5	0.109917877
769	0.109917877
769.5	0.109286166
770	0.108654454
770.5	0.108022742
771	0.108022742
771.5	0.10739103
772	0.106759318
772.5	0.106127606
773	0.105495894
773.5	0.105495894
774	0.104864182
774.5	0.104864182
775	0.10423247
775.5	0.103600758
776	0.102969046
776.5	0.102337334
777	0.102337334
777.5	0.101705622
778	0.10107391
778.5	0.100442198
779	0.100442198
779.5	0.099810486
780	0.099178774
780.5	0.098547063
781	0.098547063
781.5	0.097915351
782	0.097283639
782.5	0.096651927
783	0.096020215
783.5	0.096020215
784	0.095388503
784.5	0.094756791
785	0.094125079
785.5	0.094125079
786	0.093493367
786.5	0.092861655
787	0.092229943
787.5	0.092229943
788	0.091598231
788.5	0.090966519
789	0.090966519
789.5	0.090334807
790	0.089703095
790.5	0.089703095
791	0.089071383
791.5	0.088439672
792	0.088439672
792.5	0.08780796
793	0.087176248
793.5	0.086544536
794	0.086544536
794.5	0.085912824
795	0.085912824
795.5	0.085281112
796	0.0846494
796.5	0.084017688
797	0.084017688
797.5	0.083385976
798	0.082754264
798.5	0.082754264
799	0.082122552
799.5	0.08149084
800	0.080859128
800.5	0.080227416
801	0.080227416
801.5	0.079595704
802	0.078963992
802.5	0.078963992
803	0.07833228
803.5	0.077700569
804	0.077068857
804.5	0.077068857
805	0.076437145
805.5	0.075805433
806	0.075805433
806.5	0.075173721
807	0.075173721
807.5	0.074542009
808	0.074542009
808.5	0.073910297
809	0.073910297
809.5	0.073278585
810	0.073278585
810.5	0.072646873
811	0.072646873
811.5	0.072646873
812	0.072015161
812.5	0.072015161
813	0.072015161
813.5	0.072015161
814	0.072015161
814.5	0.071383449
815	0.071383449
815.5	0.071383449
816	0.071383449
816.5	0.071383449
817	0.070751737
817.5	0.070751737
818	0.070751737
818.5	0.070120025
819	0.070120025
819.5	0.070120025
820	0.070120025
820.5	0.070120025
821	0.069488313
821.5	0.069488313
822	0.069488313
822.5	0.069488313
823	0.069488313
823.5	0.068856601
824	0.069488313
824.5	0.069488313
825	0.068856601
825.5	0.068856601
826	0.068856601
826.5	0.068856601
827	0.068856601
827.5	0.068856601
828	0.068856601
828.5	0.068224889
829	0.068224889
829.5	0.068224889
830	0.067593178
830.5	0.067593178
831	0.066961466
831.5	0.066961466
832	0.066329754
832.5	0.066329754
833	0.066329754
833.5	0.065698042
834	0.065698042
834.5	0.065698042
835	0.06506633
835.5	0.06506633
836	0.06506633
836.5	0.06506633
837	0.064434618
837.5	0.064434618
838	0.064434618
838.5	0.064434618
839	0.064434618
839.5	0.064434618
840	0.064434618
840.5	0.064434618
841	0.06506633
841.5	0.06506633
842	0.06506633
842.5	0.065698042
843	0.065698042
843.5	0.065698042
844	0.065698042
844.5	0.06506633
845	0.06506633
845.5	0.06506633
846	0.064434618
846.5	0.064434618
847	0.064434618
847.5	0.06506633
848	0.06506633
848.5	0.065698042
849	0.065698042
849.5	0.065698042
850	0.066329754
