[nm]	norm A
	
350	0.229753835
350.5	0.232393864
351	0.23496254
351.5	0.237459864
352	0.239957189
352.5	0.242597217
353	0.245165894
353.5	0.248019979
354	0.251016768
354.5	0.253870853
355	0.256582233
355.5	0.259293614
356	0.26250446
356.5	0.265144488
357	0.268355334
357.5	0.271209418
358	0.274206208
358.5	0.277417053
359	0.280271138
359.5	0.28369604
360	0.286692829
360.5	0.290046379
361	0.29311452
361.5	0.296182661
362	0.299607563
362.5	0.302675705
363	0.305957902
363.5	0.309382804
364	0.312522298
364.5	0.316161256
365	0.319372101
365.5	0.322797003
366	0.326150553
366.5	0.329646807
367	0.333000357
367.5	0.336853371
368	0.34049233
368.5	0.344488049
369	0.348055655
369.5	0.351765965
370	0.355119515
370.5	0.358901177
371	0.362896896
371.5	0.367178024
372	0.371173742
372.5	0.375026757
373	0.379093828
373.5	0.383374955
374	0.387870139
374.5	0.392650731
375	0.396931859
375.5	0.401569747
376	0.406493043
376.5	0.410988227
377	0.41612558
377.5	0.421262933
378	0.426186229
378.5	0.431537638
379	0.436889047
379.5	0.442525865
380	0.447877274
380.5	0.453728148
381	0.459579022
381.5	0.465715305
382	0.472065644
382.5	0.478415983
383	0.48469497
383.5	0.491116661
384	0.497966465
384.5	0.504602212
385	0.511523368
385.5	0.518373172
386	0.525579736
386.5	0.532714948
387	0.539636104
387.5	0.54655726
388	0.553906529
388.5	0.561184445
389	0.568176953
389.5	0.575098109
390	0.582304674
390.5	0.588940421
391	0.596218337
391.5	0.602640029
392	0.608990367
392.5	0.615412059
393	0.621334285
393.5	0.627256511
394	0.633036033
394.5	0.638102034
395	0.642953978
395.5	0.647663218
396	0.651730289
396.5	0.655654656
397	0.658865501
397.5	0.66186229
398	0.664430967
398.5	0.66621477
399	0.668283981
399.5	0.669211559
400	0.669639672
400.5	0.669711024
401	0.669140207
401.5	0.668498038
402	0.666928291
402.5	0.665073136
403	0.66286122
403.5	0.660221192
404	0.657367107
404.5	0.65344274
405	0.650160542
405.5	0.646236176
406	0.641740992
406.5	0.637531217
407	0.632893329
407.5	0.62789868
408	0.623260792
408.5	0.617766679
409	0.612843382
409.5	0.607634677
410	0.602140564
410.5	0.596860507
411	0.591366393
411.5	0.586157688
412	0.580734927
412.5	0.575312166
413	0.569960756
413.5	0.564537995
414	0.559400642
414.5	0.55362112
415	0.548269711
415.5	0.542989654
416	0.537780949
416.5	0.532215483
417	0.526935426
417.5	0.521584017
418	0.516232608
418.5	0.511095255
419	0.505601142
419.5	0.500392437
420	0.495041027
420.5	0.489975027
421	0.48469497
421.5	0.479414913
422	0.474134856
422.5	0.469068855
423	0.463931502
423.5	0.458936853
424	0.453799501
424.5	0.448947556
425	0.44402426
425.5	0.439243667
426	0.434463075
426.5	0.429896539
427	0.425258651
427.5	0.420906172
428	0.416410988
428.5	0.412201213
429	0.40806279
429.5	0.403924367
430	0.400071352
430.5	0.396146985
431	0.392365323
431.5	0.38858366
432	0.385016054
432.5	0.381662504
433	0.378308955
433.5	0.375169461
434	0.37210132
434.5	0.369175883
435	0.366321798
435.5	0.363539065
436	0.360756333
436.5	0.358116304
437	0.355690332
437.5	0.353121655
438	0.350838387
438.5	0.348697824
439	0.34655726
439.5	0.344488049
440	0.342418837
440.5	0.34049233
441	0.338708527
441.5	0.336924724
442	0.335212273
442.5	0.333642526
443	0.332001427
443.5	0.330503032
444	0.328933286
444.5	0.327506243
445	0.325936497
445.5	0.324509454
446	0.323082412
446.5	0.321655369
447	0.320371031
447.5	0.318872636
448	0.317445594
448.5	0.316161256
449	0.314591509
449.5	0.313235819
450	0.311808776
450.5	0.310381734
451	0.308954691
451.5	0.307527649
452	0.306029254
452.5	0.304602212
453	0.303317874
453.5	0.301962183
454	0.300535141
454.5	0.299322155
455	0.297895112
455.5	0.296682126
456	0.295540492
456.5	0.294398858
457	0.293257224
457.5	0.292186943
458	0.291259365
458.5	0.290331787
459	0.289546914
459.5	0.288690689
460	0.287977167
460.5	0.287263646
461	0.286764181
461.5	0.286264716
462	0.285765252
462.5	0.285194435
463	0.284909026
463.5	0.284552265
464	0.284266857
464.5	0.284052801
465	0.283838744
465.5	0.283624688
466	0.283624688
466.5	0.283410631
467	0.283481984
467.5	0.283481984
468	0.283481984
468.5	0.283553336
469	0.283553336
469.5	0.283767392
470	0.283981448
470.5	0.284195505
471	0.284409561
471.5	0.284480913
472	0.284766322
472.5	0.28505173
473	0.285194435
473.5	0.285551195
474	0.285907956
474.5	0.28605066
475	0.286407421
475.5	0.286621477
476	0.286978238
476.5	0.287263646
477	0.287549055
477.5	0.287905815
478	0.288262576
478.5	0.288619336
479	0.288904745
479.5	0.289261506
480	0.289546914
480.5	0.289903675
481	0.290331787
481.5	0.290617196
482	0.290902604
482.5	0.291259365
483	0.291544773
483.5	0.291901534
484	0.292258295
484.5	0.292615055
485	0.292971816
485.5	0.293328577
486	0.293685337
486.5	0.294042098
487	0.294398858
487.5	0.294755619
488	0.29511238
488.5	0.29546914
489	0.295968605
489.5	0.296325366
490	0.296682126
490.5	0.297110239
491	0.297609704
491.5	0.298037817
492	0.298465929
492.5	0.299036746
493	0.299464859
493.5	0.299964324
494	0.300535141
494.5	0.301105958
495	0.301605423
495.5	0.302247592
496	0.302818409
496.5	0.303460578
497	0.304102747
497.5	0.304816268
498	0.30552979
498.5	0.306243311
499	0.306956832
499.5	0.307813057
500	0.308597931
500.5	0.309525508
501	0.310453086
501.5	0.311452016
502	0.312450945
502.5	0.313521227
503	0.314662861
503.5	0.315804495
504	0.317088833
504.5	0.318301819
505	0.31965751
505.5	0.320941848
506	0.322297538
506.5	0.323724581
507	0.325080271
507.5	0.326507314
508	0.328005708
508.5	0.329432751
509	0.330859793
509.5	0.332358188
510	0.333856582
510.5	0.335354977
511	0.336853371
511.5	0.338423118
512	0.339992865
512.5	0.341562611
513	0.34320371
513.5	0.344844809
514	0.34655726
514.5	0.348341063
515	0.350124866
515.5	0.351980021
516	0.353906529
516.5	0.355833036
517	0.357830895
517.5	0.359971459
518	0.362040671
518.5	0.364181234
519	0.36639315
519.5	0.368676418
520	0.371031038
520.5	0.373314306
521	0.37581163
521.5	0.378237603
522	0.380663575
522.5	0.383232251
523	0.385729575
523.5	0.388298252
524	0.39093828
524.5	0.393578309
525	0.39628969
525.5	0.398929718
526	0.401641099
526.5	0.404423832
527	0.407277917
527.5	0.410060649
528	0.412914734
528.5	0.415768819
529	0.418694256
529.5	0.421548341
530	0.424473778
530.5	0.427470567
531	0.430396004
531.5	0.433392793
532	0.436460935
532.5	0.439457724
533	0.442597217
533.5	0.445665359
534	0.448876204
534.5	0.45208705
535	0.455297895
535.5	0.458580093
536	0.46186229
536.5	0.465144488
537	0.468498038
537.5	0.471851588
538	0.475205137
538.5	0.478701391
539	0.482126293
539.5	0.485551195
540	0.489118801
540.5	0.492686407
541	0.496254014
541.5	0.49982162
542	0.50353193
542.5	0.507170888
543	0.510881199
543.5	0.514520157
544	0.518301819
544.5	0.52201213
545	0.525793792
545.5	0.529504103
546	0.533357117
546.5	0.537210132
547	0.541134499
547.5	0.544987513
548	0.548983232
548.5	0.552907599
549	0.556903318
549.5	0.561041741
550	0.56503746
550.5	0.569104531
551	0.573242954
551.5	0.577238673
552	0.581377096
552.5	0.585515519
553	0.589653942
553.5	0.593792365
554	0.598002141
554.5	0.602211916
555	0.606493043
555.5	0.610702818
556	0.614983946
556.5	0.619265073
557	0.6235462
557.5	0.627755976
558	0.632108455
558.5	0.636246878
559	0.640528006
559.5	0.644809133
560	0.64909026
560.5	0.653371388
561	0.657723867
561.5	0.662004995
562	0.666286122
562.5	0.670638601
563	0.675062433
563.5	0.679414913
564	0.68369604
564.5	0.687977167
565	0.692258295
565.5	0.696610774
566	0.700891902
566.5	0.705173029
567	0.709454156
567.5	0.713663932
568	0.717873707
568.5	0.722226186
569	0.726507314
569.5	0.730717089
570	0.734926864
570.5	0.739207991
571	0.743275062
571.5	0.747413486
572	0.751551909
572.5	0.755476275
573	0.759543346
573.5	0.763610417
574	0.767606136
574.5	0.771530503
575	0.775526222
575.5	0.779450589
576	0.783374955
576.5	0.787299322
577	0.791223689
577.5	0.795005351
578	0.798858366
578.5	0.802640029
579	0.806350339
579.5	0.810132001
580	0.813628255
580.5	0.817338566
581	0.820977524
581.5	0.824473778
582	0.828041384
582.5	0.831537638
583	0.835105244
583.5	0.838458794
584	0.841812344
584.5	0.845165894
585	0.848519443
585.5	0.851730289
586	0.855012487
586.5	0.858223332
587	0.861291473
587.5	0.864359615
588	0.867427756
588.5	0.870353193
589	0.873349982
589.5	0.876204067
590	0.879058152
590.5	0.881983589
591	0.884766322
591.5	0.887620407
592	0.890189083
592.5	0.892971816
593	0.895540492
593.5	0.898109169
594	0.900677845
594.5	0.903103817
595	0.90552979
595.5	0.908027114
596	0.910310382
596.5	0.912665002
597	0.91494827
597.5	0.917231538
598	0.91965751
598.5	0.921584017
599	0.923724581
599.5	0.92572244
600	0.9277203
600.5	0.929718159
601	0.931716019
601.5	0.933642526
602	0.935497681
602.5	0.93749554
603	0.939136639
603.5	0.940920442
604	0.942561541
604.5	0.944345344
605	0.946057795
605.5	0.947627542
606	0.949197289
606.5	0.95090974
607	0.952336782
607.5	0.953835177
608	0.955262219
608.5	0.956689262
609	0.958116304
609.5	0.959471994
610	0.960827685
610.5	0.962183375
611	0.963396361
611.5	0.964752051
612	0.965750981
612.5	0.967106671
613	0.968176953
613.5	0.969318587
614	0.970317517
614.5	0.971530503
615	0.972529433
615.5	0.973385658
616	0.97445594
616.5	0.975383518
617	0.976382447
617.5	0.977310025
618	0.978237603
618.5	0.978951124
619	0.979807349
619.5	0.980734927
620	0.981377096
620.5	0.982376026
621	0.983089547
621.5	0.983731716
622	0.984587941
622.5	0.985158758
623	0.985800928
623.5	0.986514449
624	0.987299322
624.5	0.987798787
625	0.988440956
625.5	0.989011773
626	0.989511238
626.5	0.990082055
627	0.990652872
627.5	0.991152337
628	0.991651802
628.5	0.992151267
629	0.992579379
629.5	0.993078844
630	0.993364253
630.5	0.993863717
631	0.994363182
631.5	0.994719943
632	0.995148056
632.5	0.99529076
633	0.995718873
633.5	0.996075633
634	0.99628969
634.5	0.99664645
635	0.996789154
635.5	0.997288619
636	0.997502676
636.5	0.997716732
637	0.997930788
637.5	0.998287549
638	0.998358901
638.5	0.998572958
639	0.99864431
639.5	0.998787014
640	0.99900107
640.5	0.999215127
641	0.999286479
641.5	0.999571887
642	0.999643239
642.5	0.999785944
643	0.999785944
643.5	0.999643239
644	0.999643239
644.5	0.999928648
645	1
645.5	1
646	1
646.5	0.999928648
647	0.999857296
647.5	0.999857296
648	0.999857296
648.5	0.999928648
649	0.999857296
649.5	0.999643239
650	0.999643239
650.5	0.999429183
651	0.999429183
651.5	0.999286479
652	0.999215127
652.5	0.999072422
653	0.998858366
653.5	0.99864431
654	0.998501605
654.5	0.998358901
655	0.998144845
655.5	0.997930788
656	0.99764538
656.5	0.997431324
657	0.997003211
657.5	0.997003211
658	0.996575098
658.5	0.99628969
659	0.995932929
659.5	0.995861577
660	0.99529076
660.5	0.995005351
661	0.994791295
661.5	0.99429183
662	0.993792365
662.5	0.993578309
663	0.993221548
663.5	0.992793436
664	0.992365323
664.5	0.99193721
665	0.991509097
665.5	0.991009633
666	0.99058152
666.5	0.990010703
667	0.989297182
667.5	0.988940421
668	0.988512308
668.5	0.987870139
669	0.987442026
669.5	0.986799857
670	0.986157688
670.5	0.985586871
671	0.985016054
671.5	0.984373885
672	0.98351766
672.5	0.983018195
673	0.982304674
673.5	0.981591152
674	0.980877631
674.5	0.980021406
675	0.979307884
675.5	0.978523011
676	0.977880842
676.5	0.976881912
677	0.976025687
677.5	0.975312166
678	0.97445594
678.5	0.973528362
679	0.972672137
679.5	0.971744559
680	0.970816982
680.5	0.9697467
681	0.96874777
681.5	0.967748841
682	0.966678559
682.5	0.965608277
683	0.964680699
683.5	0.963539065
684	0.962397431
684.5	0.961255797
685	0.960042811
685.5	0.958901177
686	0.957759543
686.5	0.956546557
687	0.955262219
687.5	0.954120585
688	0.952836247
688.5	0.951337852
689	0.950124866
689.5	0.948769176
690	0.947413486
690.5	0.945986443
691	0.944559401
691.5	0.943132358
692	0.941633964
692.5	0.940206921
693	0.938565822
693.5	0.937067428
694	0.935569033
694.5	0.933927934
695	0.932215483
695.5	0.930574385
696	0.928933286
696.5	0.927149483
697	0.925508384
697.5	0.923653229
698	0.921940778
698.5	0.92001427
699	0.918301819
699.5	0.91630396
700	0.914805565
700.5	0.912450945
701	0.910524438
701.5	0.908669283
702	0.906600071
702.5	0.904673564
703	0.902604352
703.5	0.900463789
704	0.898465929
704.5	0.896254014
705	0.894184802
705.5	0.891972886
706	0.88976097
706.5	0.887477702
707	0.885265787
707.5	0.882839814
708	0.880627899
708.5	0.878273279
709	0.875775954
709.5	0.873421334
710	0.870995362
710.5	0.868498038
711	0.865929361
711.5	0.863503389
712	0.860792009
712.5	0.858223332
713	0.855726008
713.5	0.853085979
714	0.850445951
714.5	0.84773457
715	0.845023189
715.5	0.842240457
716	0.839457724
716.5	0.836674991
717	0.833749554
717.5	0.830752765
718	0.82789868
718.5	0.824973243
719	0.821905102
719.5	0.818908313
720	0.815911523
720.5	0.812843382
721	0.809775241
721.5	0.806493043
722	0.80335355
722.5	0.800142704
723	0.796931859
723.5	0.793721013
724	0.790438816
724.5	0.787156618
725	0.783731716
725.5	0.780449518
726	0.777095969
726.5	0.773813771
727	0.770460221
727.5	0.767106671
728	0.763753122
728.5	0.760256868
729	0.756903318
729.5	0.753478416
730	0.749982162
730.5	0.746414556
731	0.742918302
731.5	0.739422048
732	0.735854442
732.5	0.732215483
733	0.728719229
733.5	0.725151623
734	0.721584017
734.5	0.717945059
735	0.714306101
735.5	0.710524438
736	0.70688548
736.5	0.703175169
737	0.699464859
737.5	0.695611844
738	0.691830182
738.5	0.688119872
739	0.684338209
739.5	0.680556547
740	0.676846236
740.5	0.672993222
741	0.669282911
741.5	0.665572601
742	0.66186229
742.5	0.658080628
743	0.654298965
743.5	0.650517303
744	0.64673564
744.5	0.642882626
745	0.639100963
745.5	0.635247949
746	0.631394934
746.5	0.627613271
747	0.623831609
747.5	0.619907242
748	0.61612558
748.5	0.612272565
749	0.60841955
749.5	0.604566536
750	0.600570817
750.5	0.596717802
751	0.592793436
751.5	0.588869069
752	0.584944702
752.5	0.580948983
753	0.577024616
753.5	0.57310025
754	0.569247235
754.5	0.565251516
755	0.561469854
755.5	0.557616839
756	0.553763824
756.5	0.54991081
757	0.546129147
757.5	0.542133428
758	0.538280414
758.5	0.534498751
759	0.530574385
759.5	0.52672137
760	0.522868355
760.5	0.519086693
761	0.51530503
761.5	0.511452016
762	0.507670353
762.5	0.503888691
763	0.500035676
763.5	0.496182661
764	0.492329647
764.5	0.488476632
765	0.484623618
765.5	0.480841955
766	0.47698894
766.5	0.473207278
767	0.469425615
767.5	0.465643953
768	0.46186229
768.5	0.45815198
769	0.45444167
769.5	0.450731359
770	0.447163753
770.5	0.443382091
771	0.439743132
771.5	0.436104174
772	0.432465216
772.5	0.428826258
773	0.425187299
773.5	0.421619693
774	0.418052087
774.5	0.414413129
775	0.410916875
775.5	0.407420621
776	0.403781663
776.5	0.400285408
777	0.396789154
777.5	0.3932929
778	0.389796646
778.5	0.386300392
779	0.382804138
779.5	0.379307884
780	0.375882983
780.5	0.372386729
781	0.368961827
781.5	0.365608277
782	0.362254727
782.5	0.358829825
783	0.355547628
783.5	0.352336782
784	0.349054584
784.5	0.345772387
785	0.342490189
785.5	0.339279344
786	0.336068498
786.5	0.332857653
787	0.329646807
787.5	0.326507314
788	0.323439172
788.5	0.320299679
789	0.31730289
789.5	0.314234748
790	0.311166607
790.5	0.308098466
791	0.305030325
791.5	0.302033535
792	0.299036746
792.5	0.296039957
793	0.293043168
793.5	0.290117731
794	0.287192294
794.5	0.284266857
795	0.28134142
795.5	0.278487335
796	0.27563325
796.5	0.272850517
797	0.270067785
797.5	0.267356404
798	0.264645023
798.5	0.261933643
799	0.259293614
799.5	0.256582233
800	0.254013557
800.5	0.251373528
801	0.2487335
801.5	0.246236176
802	0.243667499
802.5	0.241170175
803	0.238672851
803.5	0.236175526
804	0.233749554
804.5	0.231323582
805	0.22889761
805.5	0.226471638
806	0.224117017
806.5	0.221762397
807	0.219407777
807.5	0.217124509
808	0.214698537
808.5	0.212486621
809	0.210203354
809.5	0.207991438
810	0.205779522
810.5	0.203638958
811	0.201498395
811.5	0.199429183
812	0.197288619
812.5	0.195219408
813	0.193221548
813.5	0.191152337
814	0.189154477
814.5	0.187156618
815	0.185158758
815.5	0.183232251
816	0.181377096
816.5	0.179450589
817	0.177595433
817.5	0.175740278
818	0.173885123
818.5	0.17210132
819	0.170317517
819.5	0.168533714
820	0.166749911
820.5	0.164966108
821	0.163253657
821.5	0.161541206
822	0.159828755
822.5	0.158187656
823	0.156546557
823.5	0.154905458
824	0.153335712
824.5	0.151765965
825	0.15026757
825.5	0.148769176
826	0.147270781
826.5	0.145843739
827	0.144345344
827.5	0.142918302
828	0.141491259
828.5	0.140064217
829	0.138708527
829.5	0.137352836
830	0.136068498
830.5	0.134712808
831	0.133428469
831.5	0.132144131
832	0.130859793
832.5	0.129646807
833	0.128362469
833.5	0.127149483
834	0.125936497
834.5	0.124652158
835	0.123439172
835.5	0.122226186
836	0.1210132
836.5	0.119800214
837	0.11865858
837.5	0.117516946
838	0.116375312
838.5	0.115233678
839	0.114092044
839.5	0.113021762
840	0.111951481
840.5	0.110881199
841	0.109810917
841.5	0.108740635
842	0.107670353
842.5	0.106671423
843	0.105601142
843.5	0.104602212
844	0.103603282
844.5	0.102675705
845	0.101676775
845.5	0.100749197
846	0.099750268
846.5	0.09882269
847	0.097966465
847.5	0.097038887
848	0.096111309
848.5	0.095255084
849	0.094398858
849.5	0.093471281
850	0.092615055
